0 2.26097 -2.2029 -1.3037 -4.34737 -1.5708 -0.880619
0 2.04554 -2.08677 -1.16974 -4.2477 -1.61856 -0.616154
0 1.73755 -2.11138 -1.14588 -4.23399 -1.59678 -0.364539
0 1.52032 -1.98413 -1.2042 -3.97107 -1.61019 -0.209927
0 1.39981 -1.89888 -0.971002 -3.77707 -1.46958 -0.372486
0 1.09129 -1.94554 -0.977453 -3.76196 -1.40532 -0.131159
0 0.78277 -1.9922 -0.983904 -3.74685 -1.34106 0.110167
0 0.47425 -2.03887 -0.990355 -3.73174 -1.2768 0.351494
0 0.16573 -2.08553 -0.996806 -3.71662 -1.21254 0.59282
0 -0.14279 -2.13219 -1.00326 -3.70151 -1.14828 0.834146
0 -0.45131 -2.17886 -1.00971 -3.6864 -1.08402 1.07547
0 -0.759831 -2.22552 -1.01616 -3.67129 -1.01976 1.3168
0 -1.06835 -2.27218 -1.02261 -3.65617 -0.955497 1.55813
0 -1.25582 -2.30054 -1.02653 -3.64699 -0.91645 1.70476
0 -1.2659 -2.36545 -0.895592 -3.92249 -1.07404 1.89919
0 -1.24411 -2.34964 -0.914859 -4.10129 -1.38593 2.07142
0 -1.00401 -2.30983 -1.11052 -4.19627 -1.29083 2.28219
0 -0.842337 -2.31799 -1.10501 -4.43098 -1.5708 2.29926
1 2.26097 -2.2029 -1.3037 -4.34737 -1.5708 -0.880619
1 2.44058 -1.97049 -1.25065 -4.41448 -1.43557 -0.661259
1 2.45988 -1.97255 -1.11392 -4.21038 -1.14417 -0.78109
1 2.53203 -2.00844 -0.969004 -3.86332 -1.17185 -0.674843
1 2.27621 -1.99432 -0.783113 -3.68007 -1.11427 -0.523498
1 1.97552 -1.95474 -0.796858 -3.54791 -1.0473 -0.309313
1 1.67482 -1.91517 -0.810604 -3.41574 -0.980344 -0.0951285
1 1.37412 -1.87559 -0.82435 -3.28358 -0.913382 0.119056
1 1.07343 -1.83601 -0.838095 -3.15141 -0.846421 0.333241
1 0.772732 -1.79643 -0.851841 -3.01924 -0.77946 0.547426
1 0.495865 -1.75999 -0.864497 -2.89755 -0.717805 0.744637
1 0.373536 -1.94099 -0.672615 -3.09394 -0.649316 0.565197
1 0.30344 -2.12651 -0.525587 -3.29811 -0.665035 0.804193
1 0.1515 -2.11875 -0.683182 -3.59261 -0.768577 0.683485
1 0.316754 -2.12117 -0.870669 -3.73397 -0.972637 0.872984
1 0.395212 -2.15433 -0.908459 -4.02384 -1.16304 1.04916
1 0.0962044 -2.1812 -0.858436 -3.96673 -1.1232 1.2992
1 -0.202804 -2.20808 -0.808413 -3.90963 -1.08336 1.54924
1 -0.501812 -2.23495 -0.758389 -3.85252 -1.04352 1.79929
1 -0.771251 -2.26707 -0.830095 -4.08851 -1.20198 1.77855
1 -0.809452 -2.30262 -1.04655 -4.22324 -1.36723 2.03343
1 -0.842337 -2.31799 -1.10501 -4.43098 -1.5708 2.29926
2 2.26097 -2.2029 -1.3037 -4.34737 -1.5708 -0.880619
2 2.34025 -1.98134 -1.27328 -4.28351 -1.45177 -0.588289
2 2.20986 -1.98885 -1.21909 -4.23171 -1.44307 -0.51859
2 1.89599 -2.00692 -1.08864 -4.107 -1.42212 -0.350804
2 1.58212 -2.02499 -0.958194 -3.9823 -1.40117 -0.183019
2 1.26825 -2.04306 -0.827747 -3.8576 -1.38022 -0.015234
2 0.954375 -2.06113 -0.6973 -3.7329 -1.35927 0.152551
2 0.764115 -2.02319 -0.828473 -4.04355 -1.40538 0.233317
2 0.638057 -2.15337 -0.868453 -4.24565 -1.68725 0.305903
2 0.687996 -2.21637 -1.20834 -4.32503 -1.59695 0.459378
2 0.43294 -2.2333 -1.19112 -4.34269 -1.59259 0.766025
2 0.177885 -2.25024 -1.1739 -4.36035 -1.58823 1.07267
2 -0.0771706 -2.26718 -1.15668 -4.378 -1.58387 1.37932
2 -0.332226 -2.28412 -1.13945 -4.39566 -1.57952 1.68597
2 -0.587282 -2.30105 -1.12223 -4.41332 -1.57516 1.99261
2 -0.842337 -2.31799 -1.10501 -4.43098 -1.5708 2.29926
3 2.26097 -2.2029 -1.3037 -4.34737 -1.5708 -0.880619
3 2.01842 -2.07075 -1.40162 -4.09303 -1.47755 -0.907701
3 1.95539 -1.8617 -1.22254 -4.0468 -1.53648 -0.634494
3 2.03539 -1.83861 -1.00855 -3.78626 -1.39817 -0.776821
3 1.97922 -1.78457 -0.844445 -3.4515 -1.27716 -0.759837
3 2.03056 -1.76983 -0.743991 -3.16531 -1.02774 -0.814074
3 1.92245 -1.79914 -0.767606 -3.25277 -1.05819 -0.738992
3 1.6608 -1.87008 -0.824753 -3.46443 -1.13189 -0.557294
3 1.39916 -1.94103 -0.8819 -3.67608 -1.2056 -0.375596
3 1.13752 -2.01197 -0.939048 -3.88774 -1.2793 -0.193897
3 0.875875 -2.08291 -0.996195 -4.09939 -1.353 -0.0121992
3 1.01002 -2.11034 -1.21565 -4.14931 -1.49416 0.253646
3 0.743656 -2.18092 -1.26945 -4.24362 -1.5191 0.521334
3 0.479324 -2.20377 -1.24204 -4.27485 -1.52772 0.817655
3 0.214992 -2.22661 -1.21464 -4.30607 -1.53633 1.11398
3 -0.0493403 -2.24946 -1.18723 -4.3373 -1.54495 1.4103
3 -0.313673 -2.2723 -1.15982 -4.36853 -1.55357 1.70662
3 -0.578005 -2.29515 -1.13242 -4.39975 -1.56218 2.00294
3 -0.842337 -2.31799 -1.10501 -4.43098 -1.5708 2.29926
4 2.26097 -2.2029 -1.3037 -4.34737 -1.5708 -0.880619
4 1.96626 -2.19829 -1.28646 -4.34925 -1.56652 -0.610796
4 1.74933 -2.05767 -1.15577 -4.22593 -1.66616 -0.38508
4 1.5402 -1.98623 -1.13658 -3.97825 -1.56827 -0.185412
4 1.33107 -1.9148 -1.11738 -3.73057 -1.47038 0.0142572
4 1.12194 -1.84337 -1.09819 -3.48289 -1.37249 0.213926
4 0.999057 -1.8014 -1.08691 -3.33735 -1.31496 0.331256
4 0.821147 -1.86739 -1.00058 -3.65819 -1.38245 0.426395
4 0.557504 -1.81334 -0.956493 -3.49692 -1.30186 0.656889
4 0.29386 -1.75929 -0.912411 -3.33566 -1.22127 0.887384
4 0.030217 -1.70524 -0.868329 -3.1744 -1.14069 1.11788
4 -0.216644 -1.79953 -0.741672 -3.38225 -0.985338 1.2003
4 -0.511168 -2.01977 -0.76338 -3.41528 -1.04928 1.0621
4 -0.67097 -2.12616 -0.8338 -3.62855 -1.31831 1.08025
4 -0.559679 -2.05865 -1.01395 -3.85417 -1.55062 1.15595
4 -0.477783 -2.04076 -1.09113 -4.15345 -1.61283 1.38741
4 -0.755592 -2.15446 -0.989475 -4.21121 -1.52361 1.60709
4 -0.823672 -2.15469 -1.12322 -4.36707 -1.52596 1.94351
4 -0.842337 -2.31799 -1.10501 -4.43098 -1.5708 2.29926
5 2.26097 -2.2029 -1.3037 -4.34737 -1.5708 -0.880619
5 2.01398 -2.01673 -1.244 -4.22659 -1.45201 -0.701524
5 1.74849 -2.04741 -1.21409 -4.18816 -1.45434 -0.407933
5 1.73688 -2.03546 -0.971078 -3.94903 -1.24609 -0.418678
5 1.5861 -1.90761 -0.76209 -3.80258 -1.22884 -0.654259
5 1.45396 -1.97773 -0.582211 -3.52754 -1.14452 -0.804294
5 1.22038 -2.02771 -0.371753 -3.39593 -1.02831 -0.637507
5 0.986786 -2.07769 -0.161295 -3.26432 -0.912093 -0.470719
5 0.753196 -2.12767 0.0491635 -3.1327 -0.795879 -0.303932
5 0.519607 -2.17765 0.259621 -3.00109 -0.679665 -0.137144
5 0.286017 -2.22763 0.470079 -2.86948 -0.563451 0.0296437
5 0.241884 -2.23708 0.509842 -2.84462 -0.541494 0.0611558
5 0.062228 -2.33991 0.267878 -3.03785 -0.541052 0.206977
5 0.22689 -2.38813 0.00957131 -3.0878 -0.764494 0.313827
5 0.165581 -2.30729 -0.29965 -3.20904 -0.625148 0.455145
5 0.169303 -2.13778 -0.486155 -3.32358 -0.734237 0.722443
5 0.230391 -2.08799 -0.705173 -3.35608 -0.975694 0.937996
5 0.169499 -2.05796 -0.784338 -3.61782 -1.05749 1.20989
5 0.417052 -2.15083 -0.972528 -3.70614 -1.24773 1.31327
5 0.294994 -2.21536 -1.05037 -3.97778 -1.4671 1.1994
5 0.255499 -2.2022 -1.15843 -4.35242 -1.52514 1.1459
5 -0.0189603 -2.23115 -1.14507 -4.37206 -1.53656 1.43424
5 -0.293419 -2.26009 -1.13172 -4.3917 -1.54797 1.72258
5 -0.567878 -2.28904 -1.11836 -4.41134 -1.55939 2.01092
5 -0.842337 -2.31799 -1.10501 -4.43098 -1.5708 2.29926
6 2.26097 -2.2029 -1.3037 -4.34737 -1.5708 -0.880619
6 1.96774 -2.21058 -1.28454 -4.33018 -1.57226 -0.609898
6 1.85703 -1.84661 -1.27136 -4.28768 -1.65329 -0.691886
6 1.72012 -1.84289 -1.23224 -4.1873 -1.59529 -0.602932
6 1.45175 -1.83561 -1.15557 -3.99055 -1.4816 -0.428563
6 1.18337 -1.82833 -1.0789 -3.79379 -1.36791 -0.254194
6 0.914997 -1.82104 -1.00222 -3.59704 -1.25422 -0.0798247
6 0.646621 -1.81376 -0.925546 -3.40028 -1.14053 0.0945445
6 0.378246 -1.80648 -0.848872 -3.20353 -1.02684 0.268914
6 0.10987 -1.79919 -0.772198 -3.00678 -0.913147 0.443283
6 -0.158505 -1.79191 -0.695523 -2.81002 -0.799456 0.617652
6 -0.138265 -1.67324 -0.900625 -2.91082 -0.931536 0.893033
6 -0.383953 -1.82793 -0.849871 -2.93586 -0.929361 1.16229
6 -0.497673 -1.90998 -0.947488 -2.86397 -0.836519 1.50437
6 -0.682319 -1.93346 -1.0445 -3.15989 -0.87819 1.66758
6 -0.912514 -2.00383 -1.03338 -3.32245 -1.13066 1.77606
6 -0.939929 -2.02985 -1.08408 -3.61106 -1.3757 1.66354
6 -1.02786 -2.16204 -1.034 -3.85288 -1.52897 1.88785
6 -0.863924 -2.28479 -1.09954 -4.16415 -1.58638 2.00437
6 -0.842337 -2.31799 -1.10501 -4.43098 -1.5708 2.29926
7 2.26097 -2.2029 -1.3037 -4.34737 -1.5708 -0.880619
7 2.31244 -1.84063 -1.3982 -4.40015 -1.47187 -0.812756
7 2.3362 -1.69283 -1.11872 -4.37448 -1.61498 -0.61695
7 2.11834 -1.48757 -0.992914 -4.2048 -1.61686 -0.777515
7 2.06011 -1.52575 -0.974815 -4.17732 -1.60992 -0.746422
7 1.78063 -1.70901 -0.887958 -4.04542 -1.57664 -0.597213
7 1.50116 -1.89227 -0.801101 -3.91352 -1.54336 -0.448003
7 1.22169 -2.07553 -0.714245 -3.78162 -1.51007 -0.298793
7 0.942223 -2.25879 -0.627388 -3.64972 -1.47679 -0.149583
7 0.718644 -2.18167 -0.812211 -3.58418 -1.38781 0.0906093
7 0.690848 -2.23549 -0.985986 -3.83673 -1.26103 0.305732
7 0.877679 -2.2079 -1.29579 -3.953 -1.34279 0.396014
7 0.793858 -2.24591 -1.25201 -4.24421 -1.53628 0.561449
7 0.521159 -2.25792 -1.22751 -4.27534 -1.54203 0.851084
7 0.24846 -2.26994 -1.20301 -4.30647 -1.54779 1.14072
7 -0.0242394 -2.28195 -1.17851 -4.3376 -1.55354 1.43035
7 -0.296939 -2.29396 -1.15401 -4.36872 -1.55929 1.71999
7 -0.569638 -2.30598 -1.12951 -4.39985 -1.56505 2.00962
7 -0.842337 -2.31799 -1.10501 -4.43098 -1.5708 2.29926
8 2.26097 -2.2029 -1.3037 -4.34737 -1.5708 -0.880619
8 1.95868 -2.08438 -1.20018 -4.15039 -1.58583 -0.811126
8 1.62282 -2.07944 -1.18882 -4.16579 -1.59297 -0.594889
8 1.51168 -2.09523 -0.968149 -4.17969 -1.27919 -0.587432
8 1.21649 -2.07299 -0.715581 -4.10579 -1.2317 -0.616729
8 1.12871 -2.07178 -0.794935 -4.12391 -1.29984 -0.50943
8 0.927612 -2.06902 -0.976726 -4.16541 -1.45592 -0.263623
8 0.726519 -2.06625 -1.15852 -4.20691 -1.61201 -0.0178151
8 1.0238 -2.16235 -1.16841 -4.24404 -1.58082 0.227007
8 0.757211 -2.18459 -1.15936 -4.27075 -1.57939 0.523043
8 0.49062 -2.20682 -1.1503 -4.29745 -1.57795 0.819079
8 0.224028 -2.22905 -1.14124 -4.32416 -1.57652 1.11512
8 -0.042563 -2.25129 -1.13218 -4.35086 -1.57509 1.41115
8 -0.309154 -2.27352 -1.12313 -4.37757 -1.57366 1.70719
8 -0.575746 -2.29576 -1.11407 -4.40427 -1.57223 2.00322
8 -0.842337 -2.31799 -1.10501 -4.43098 -1.5708 2.29926
9 2.26097 -2.2029 -1.3037 -4.34737 -1.5708 -0.880619
9 1.99273 -2.21868 -1.26435 -4.32974 -1.57247 -0.587469
9 2.07647 -2.07121 -1.00106 -4.31543 -1.54386 -0.340689
9 1.81407 -2.02104 -0.969707 -4.08835 -1.4009 -0.215609
9 1.55168 -1.97087 -0.938352 -3.86128 -1.25793 -0.0905287
9 1.28928 -1.92069 -0.906997 -3.6342 -1.11497 0.0345512
9 1.02689 -1.87052 -0.875642 -3.40712 -0.972001 0.159631
9 0.764494 -1.82035 -0.844287 -3.18004 -0.829035 0.284711
9 0.502099 -1.77017 -0.812932 -2.95297 -0.686069 0.409791
9 0.239704 -1.72 -0.781577 -2.72589 -0.543103 0.534871
9 -0.0226914 -1.66983 -0.750222 -2.49881 -0.400138 0.659951
9 -0.285086 -1.61965 -0.718867 -2.27174 -0.257172 0.785031
9 -0.346555 -1.6079 -0.711522 -2.21854 -0.223681 0.814332
9 -0.243557 -1.57318 -0.590364 -2.45618 -0.358475 1.05696
9 -0.165137 -1.56042 -0.688434 -2.65468 -0.565474 1.30558
9 -0.136124 -1.60543 -0.650469 -2.81726 -0.786512 1.58914
9 -0.13307 -1.86716 -0.562184 -3.02595 -0.890043 1.41761
9 -0.0823935 -2.03982 -0.413295 -3.19826 -1.15385 1.49616
9 -0.328477 -2.21539 -0.611283 -3.31671 -1.2119 1.60578
9 -0.318077 -2.286 -0.581621 -3.69608 -1.18289 1.70201
9 -0.495063 -2.39052 -0.707605 -3.78616 -1.33979 1.96497
9 -0.595175 -2.40582 -0.595876 -4.08302 -1.47135 2.14336
9 -0.715801 -2.37799 -0.86697 -4.15169 -1.5893 2.37261
9 -0.842337 -2.31799 -1.10501 -4.43098 -1.5708 2.29926
10 2.26097 -2.2029 -1.3037 -4.34737 -1.5708 -0.880619
10 2.29341 -2.01537 -1.42804 -4.12474 -1.36062 -1.00137
10 2.21551 -2.00711 -1.39407 -4.08687 -1.33928 -0.92686
10 1.95877 -1.9799 -1.28211 -3.96206 -1.26899 -0.681319
10 1.70203 -1.95268 -1.17016 -3.83725 -1.19869 -0.435777
10 1.44529 -1.92546 -1.0582 -3.71244 -1.12839 -0.190236
10 1.18855 -1.89824 -0.946248 -3.58762 -1.05809 0.0553059
10 0.931811 -1.87102 -0.834293 -3.46281 -0.987796 0.300847
10 0.675072 -1.8438 -0.722338 -3.338 -0.917499 0.546389
10 0.418333 -1.81658 -0.610383 -3.21319 -0.847201 0.79193
10 0.161594 -1.78936 -0.498429 -3.08838 -0.776903 1.03747
10 0.0211762 -1.94163 -0.686631 -3.24239 -0.767556 1.27804
10 -0.123844 -1.95555 -0.880533 -3.28419 -0.642947 1.5677
10 -0.253437 -1.9094 -0.917777 -3.55425 -0.89549 1.62227
10 -0.144296 -2.05855 -0.856568 -3.63286 -0.941467 1.95961
10 -0.320119 -2.10082 -0.836696 -3.7098 -1.20871 2.18225
10 -0.375823 -2.18741 -1.07557 -3.99818 -1.29692 2.21967
10 -0.701017 -2.26087 -1.20236 -4.1752 -1.32942 2.23927
10 -0.842337 -2.31799 -1.10501 -4.43098 -1.5708 2.29926
11 2.26097 -2.2029 -1.3037 -4.34737 -1.5708 -0.880619
11 1.96941 -2.2088 -1.26699 -4.33862 -1.56257 -0.609572
11 1.62271 -2.10971 -1.11654 -4.31814 -1.6275 -0.66164
11 1.52936 -2.03443 -0.930476 -4.088 -1.40984 -0.764869
11 1.2633 -2.02109 -0.869663 -3.96544 -1.309 -0.519613
11 0.997247 -2.00775 -0.808849 -3.84289 -1.20816 -0.274357
11 0.731193 -1.99441 -0.748036 -3.72033 -1.10732 -0.0291017
11 0.465139 -1.98107 -0.687222 -3.59778 -1.00648 0.216154
11 0.199085 -1.96773 -0.626409 -3.47522 -0.905639 0.46141
11 -0.0669689 -1.95439 -0.565595 -3.35266 -0.804799 0.706666
11 -0.333023 -1.94105 -0.504782 -3.23011 -0.703959 0.951921
11 -0.599077 -1.92771 -0.443968 -3.10755 -0.603118 1.19718
11 -0.865131 -1.91437 -0.383155 -2.985 -0.502278 1.44243
11 -0.969102 -1.90916 -0.35939 -2.9371 -0.462871 1.53828
11 -0.901108 -2.06853 -0.512824 -2.73558 -0.717692 1.50848
11 -0.674426 -2.28073 -0.646458 -2.86927 -0.692921 1.34342
11 -0.776456 -2.22606 -0.65115 -3.09646 -0.953698 1.17922
11 -0.650383 -2.18698 -0.71483 -3.33206 -1.01827 1.46002
11 -0.56993 -2.26219 -0.622936 -3.57908 -1.28891 1.53183
11 -0.762393 -2.259 -0.745123 -3.6838 -1.28038 1.84325
11 -0.990749 -2.31335 -0.871797 -3.96263 -1.38036 1.81
11 -0.854153 -2.26591 -0.911493 -4.25392 -1.48285 2.01533
11 -0.842337 -2.31799 -1.10501 -4.43098 -1.5708 2.29926
12 2.26097 -2.2029 -1.3037 -4.34737 -1.5708 -0.880619
12 1.92834 -2.13582 -1.30758 -4.35508 -1.39055 -0.991499
12 1.82717 -2.10748 -1.10393 -4.11744 -1.27121 -0.799734
12 1.60587 -2.11354 -1.1589 -4.13438 -1.26777 -0.471603
12 1.48326 -2.23207 -1.08634 -3.7921 -1.35118 -0.432361
12 1.43557 -2.27839 -1.05107 -3.62965 -1.18133 -0.117565
12 1.29368 -2.29772 -1.03118 -3.35266 -0.94561 -0.200075
12 1.25573 -2.27888 -1.06599 -3.45938 -0.992909 -0.106064
12 1.16062 -2.23168 -1.15325 -3.72685 -1.11146 0.129555
12 1.06552 -2.18447 -1.24051 -3.99433 -1.23 0.365175
12 0.865936 -2.13382 -1.34268 -4.19101 -1.25626 0.625535
12 0.698754 -2.21667 -1.21768 -4.38876 -1.47054 0.468893
12 0.441905 -2.23355 -1.19891 -4.3958 -1.48725 0.773954
12 0.185057 -2.25044 -1.18013 -4.40283 -1.50396 1.07902
12 -0.0717916 -2.26733 -1.16135 -4.40987 -1.52067 1.38408
12 -0.32864 -2.28422 -1.14257 -4.41691 -1.53738 1.68914
12 -0.585489 -2.3011 -1.12379 -4.42394 -1.55409 1.9942
12 -0.842337 -2.31799 -1.10501 -4.43098 -1.5708 2.29926
13 2.26097 -2.2029 -1.3037 -4.34737 -1.5708 -0.880619
13 2.2065 -2.04201 -1.23732 -4.01457 -1.54925 -0.75602
13 1.92531 -2.06947 -1.19456 -4.0179 -1.53201 -0.476655
13 1.64413 -2.09693 -1.15179 -4.02123 -1.51478 -0.19729
13 1.36295 -2.12439 -1.10903 -4.02456 -1.49755 0.0820753
13 1.08788 -2.14037 -1.03201 -3.96921 -1.4485 0.351673
13 1.28311 -1.93264 -1.11283 -3.95203 -1.35629 0.603477
13 1.26029 -1.84735 -1.09321 -3.7703 -1.01244 0.579747
13 1.23747 -1.76206 -1.07359 -3.58856 -0.6686 0.556017
13 1.21465 -1.67677 -1.05396 -3.40682 -0.324756 0.532286
13 1.19183 -1.59148 -1.03434 -3.22509 0.0190879 0.508556
13 1.16901 -1.50619 -1.01472 -3.04335 0.362932 0.484825
13 1.14619 -1.4209 -0.995093 -2.86162 0.706776 0.461095
13 1.13937 -1.39543 -0.989233 -2.80735 0.809462 0.454008
13 1.03411 -1.60652 -1.01229 -2.81026 0.491244 0.504556
13 0.921528 -1.67363 -0.926715 -3.02994 0.290562 0.721279
13 0.731666 -1.72698 -0.820594 -3.24328 0.0379069 0.699044
13 0.532399 -1.82876 -0.798384 -3.13412 -0.0139954 1.00699
13 0.543789 -2.09003 -0.595331 -3.06508 -0.227334 0.997199
13 0.250382 -2.16983 -0.390132 -3.08919 -0.303081 1.13547
13 -0.0156992 -2.08869 -0.368854 -3.25346 -0.464522 0.964835
13 -0.258743 -2.28848 -0.392025 -3.2874 -0.679774 1.07881
13 -0.373303 -2.24719 -0.374879 -3.21818 -0.951391 1.33632
13 -0.142944 -2.19157 -0.541808 -3.40581 -1.12981 1.43088
13 -0.0636117 -2.20728 -0.709589 -3.73749 -1.24318 1.48028
13 -0.0303905 -2.26044 -0.897126 -4.04106 -1.41215 1.4664
13 -0.000726353 -2.24181 -1.14153 -4.31603 -1.56485 1.45587
13 -0.281263 -2.2672 -1.12936 -4.35435 -1.56683 1.737
13 -0.5618 -2.2926 -1.11718 -4.39266 -1.56882 2.01813
13 -0.842337 -2.31799 -1.10501 -4.43098 -1.5708 2.29926
14 2.26097 -2.2029 -1.3037 -4.34737 -1.5708 -0.880619
14 2.2824 -2.18327 -1.30939 -4.04344 -1.39936 -0.687337
14 2.39583 -1.89164 -1.38688 -3.99596 -1.23117 -0.847154
14 2.41725 -1.70154 -1.27013 -4.04896 -0.916439 -0.936067
14 2.32059 -1.71752 -1.13392 -3.73854 -0.72839 -0.924867
14 2.22394 -1.7335 -0.99771 -3.42812 -0.540341 -0.913668
14 2.12729 -1.74948 -0.861502 -3.1177 -0.352292 -0.902468
14 2.03063 -1.76547 -0.725294 -2.80727 -0.164243 -0.891268
14 1.93398 -1.78145 -0.589086 -2.49685 0.0238054 -0.880068
14 1.83732 -1.79743 -0.452878 -2.18643 0.211854 -0.868868
14 1.74067 -1.81342 -0.31667 -1.87601 0.399903 -0.857668
14 1.64402 -1.8294 -0.180462 -1.56558 0.587952 -0.846469
14 1.56342 -1.84273 -0.066877 -1.30672 0.744767 -0.837129
14 1.42861 -1.71943 -0.307903 -1.2039 0.505547 -0.810046
14 1.27524 -1.73274 -0.473975 -1.15609 0.257724 -0.597872
14 1.41511 -1.75914 -0.253634 -1.31707 0.00279018 -0.614763
14 1.30951 -1.59711 -0.240614 -1.64316 -0.0745213 -0.514205
14 1.26121 -1.69369 -0.428899 -1.72093 -0.374563 -0.38453
14 1.16277 -1.90815 -0.334862 -1.98515 -0.318132 -0.234609
14 0.99061 -1.89918 -0.384278 -2.10921 -0.56772 -0.0106576
14 0.708832 -1.77726 -0.520208 -2.31451 -0.503645 0.0210855
14 0.410784 -1.89515 -0.376175 -2.39195 -0.568738 0.183231
14 0.281488 -1.69893 -0.541449 -2.66359 -0.532573 0.134587
14 0.0985532 -1.58615 -0.847699 -2.75353 -0.450799 0.207058
14 -0.154937 -1.78123 -0.982477 -2.92071 -0.344154 0.221264
14 -0.397282 -1.83951 -0.826313 -3.00248 -0.600061 0.185093
14 -0.61852 -1.93693 -0.827263 -3.10321 -0.680845 0.476454
14 -0.546632 -1.94752 -0.754436 -3.37976 -0.760913 0.734384
14 -0.31054 -2.08331 -0.78916 -3.59224 -0.869465 0.900765
14 -0.374282 -2.14442 -0.786447 -3.7167 -1.17384 1.11067
14 -0.318294 -2.14247 -0.96917 -4.02598 -1.34022 1.12256
14 -0.103331 -2.30125 -1.04189 -4.12636 -1.23936 1.37364
14 0.019643 -2.28083 -1.16139 -4.32408 -1.52351 1.47539
14 -0.267684 -2.29321 -1.1426 -4.35971 -1.53927 1.75001
14 -0.55501 -2.3056 -1.1238 -4.39535 -1.55504 2.02464
14 -0.842337 -2.31799 -1.10501 -4.43098 -1.5708 2.29926
15 2.26097 -2.2029 -1.3037 -4.34737 -1.5708 -0.880619
15 2.38263 -1.91469 -1.2419 -4.25833 -1.3468 -0.866057
15 2.44797 -1.91151 -1.23333 -4.25814 -1.13384 -0.53395
15 2.38563 -1.90627 -0.956122 -3.99534 -1.03567 -0.557223
15 2.20049 -1.80707 -0.830649 -3.89416 -0.805957 -0.364533
15 2.01501 -1.8354 -0.679807 -3.71219 -0.718991 -0.116813
15 1.82953 -1.86372 -0.528964 -3.53022 -0.632026 0.130907
15 1.64405 -1.89204 -0.378121 -3.34825 -0.54506 0.378627
15 1.45857 -1.92036 -0.227278 -3.16628 -0.458095 0.626348
15 1.27308 -1.94868 -0.076435 -2.98431 -0.371129 0.874068
15 1.0876 -1.977 0.0744079 -2.80234 -0.284164 1.12179
15 0.902124 -2.00533 0.225251 -2.62037 -0.197199 1.36951
15 0.716644 -2.03365 0.376094 -2.4384 -0.110233 1.61723
15 0.705213 -2.03539 0.38539 -2.42718 -0.104874 1.63249
15 0.465093 -2.05362 0.535229 -2.52833 -0.29921 1.45484
15 0.468101 -2.10392 0.299776 -2.80401 -0.433802 1.36591
15 0.225213 -2.02798 0.186628 -3.07482 -0.412502 1.45888
15 -0.0553102 -2.09402 0.0951809 -3.07198 -0.64123 1.33137
15 -0.27711 -2.08156 0.054643 -3.40154 -0.622626 1.33832
15 -0.474286 -2.1479 -0.23617 -3.36417 -0.764904 1.44083
15 -0.508544 -2.14704 -0.370581 -3.62912 -0.825265 1.69951
15 -0.356655 -2.13208 -0.693145 -3.57572 -0.997633 1.68973
15 -0.511555 -2.11951 -0.898191 -3.8571 -1.09279 1.76439
15 -0.70977 -2.24165 -0.905382 -4.09294 -1.29951 1.85035
15 -0.711696 -2.26641 -1.18014 -4.15754 -1.42318 2.10416
15 -0.842337 -2.31799 -1.10501 -4.43098 -1.5708 2.29926
16 2.26097 -2.2029 -1.3037 -4.34737 -1.5708 -0.880619
16 1.96661 -2.21458 -1.28174 -4.34436 -1.54722 -0.611979
16 1.9152 -2.11647 -1.11998 -4.32234 -1.34879 -0.326137
16 1.71353 -2.01874 -0.988836 -4.09693 -1.2269 -0.162082
16 1.51187 -1.92101 -0.857694 -3.87151 -1.10502 0.00197237
16 1.3102 -1.82328 -0.726551 -3.6461 -0.983134 0.166027
16 1.10854 -1.72555 -0.595409 -3.42068 -0.86125 0.330081
16 0.906875 -1.62782 -0.464266 -3.19527 -0.739365 0.494136
16 0.70521 -1.53009 -0.333123 -2.96985 -0.617481 0.65819
16 0.503546 -1.43236 -0.201981 -2.74443 -0.495596 0.822245
16 0.301881 -1.33463 -0.0708383 -2.51902 -0.373711 0.986299
16 0.236987 -1.30318 -0.0286381 -2.44648 -0.33449 1.03909
16 0.221866 -1.19931 -0.280081 -2.33547 -0.512322 0.834618
16 0.0440246 -1.37623 -0.417629 -2.17901 -0.71832 0.72861
16 -0.189404 -1.37118 -0.652015 -2.33404 -0.627214 0.59366
16 -0.208621 -1.42588 -0.870962 -2.48282 -0.791959 0.349887
16 -0.145875 -1.37201 -0.964841 -2.71463 -1.01695 0.549866
16 -0.255491 -1.56202 -0.841925 -3.00535 -1.12502 0.525822
16 -0.413974 -1.52403 -0.741245 -3.2126 -1.19402 0.800753
16 -0.543804 -1.49264 -1.0135 -3.3047 -1.093 1.0229
16 -0.645371 -1.7128 -1.12131 -3.21714 -0.979969 1.28585
16 -0.88884 -1.8137 -0.996885 -3.45296 -0.956298 1.42327
16 -0.993541 -1.8571 -1.12195 -3.76176 -1.12037 1.32716
16 -0.962616 -2.10626 -1.04306 -3.87537 -1.33981 1.49944
16 -1.04016 -2.24677 -0.924231 -4.09171 -1.29002 1.76561
16 -0.929696 -2.32948 -1.06569 -4.31477 -1.31517 2.03124
16 -0.842337 -2.31799 -1.10501 -4.43098 -1.5708 2.29926
17 2.26097 -2.2029 -1.3037 -4.34737 -1.5708 -0.880619
17 1.9916 -2.20654 -1.28175 -4.35413 -1.57122 -0.585837
17 1.92838 -2.13645 -1.11996 -4.18234 -1.35059 -0.369673
17 1.6793 -2.14076 -1.05896 -4.01573 -1.32505 -0.113144
17 1.61463 -2.10081 -0.943464 -3.92307 -1.02157 -0.31363
17 1.47185 -1.89638 -0.82633 -3.63597 -1.01078 -0.35316
17 1.43074 -1.83751 -0.792596 -3.55328 -1.00768 -0.364545
17 1.22561 -2.07341 -0.94301 -3.57374 -0.904905 -0.195225
17 1.07929 -2.06348 -0.8794 -3.80164 -1.11917 -0.00392392
17 0.745794 -2.04023 -0.83949 -3.726 -1.17998 0.189015
17 0.762566 -2.22952 -0.857775 -3.80168 -1.08065 0.517584
17 0.464125 -2.25335 -0.790659 -3.70423 -1.01154 0.744716
17 0.165683 -2.27718 -0.723542 -3.60678 -0.942438 0.971848
17 -0.132758 -2.301 -0.656425 -3.50933 -0.873334 1.19898
17 -0.262573 -2.17513 -0.662973 -3.54114 -0.939768 1.54803
17 -0.393964 -2.21526 -0.744407 -3.52529 -1.17704 1.82722
17 -0.269083 -2.13765 -0.878906 -3.78824 -1.37446 1.93755
17 -0.325392 -2.19217 -1.03276 -4.07082 -1.48012 2.13547
17 -0.489814 -2.24009 -1.07955 -4.41641 -1.57506 2.12961
17 -0.842337 -2.31799 -1.10501 -4.43098 -1.5708 2.29926
18 2.26097 -2.2029 -1.3037 -4.34737 -1.5708 -0.880619
18 1.98738 -2.2053 -1.29297 -4.33334 -1.55606 -0.589731
18 1.92115 -1.96717 -1.42426 -4.10726 -1.73074 -0.596775
18 1.67489 -1.92291 -1.37852 -3.93585 -1.5873 -0.383822
18 1.50443 -1.91765 -1.21504 -3.7229 -1.38079 -0.511072
18 1.43964 -1.93946 -0.977582 -3.51077 -1.20998 -0.353695
18 1.17829 -1.93634 -0.857119 -3.4955 -1.34712 -0.112586
18 0.954985 -1.9691 -0.936905 -3.66929 -1.25384 0.139988
18 0.731681 -2.00186 -1.01669 -3.84307 -1.16056 0.392563
18 0.527056 -2.03187 -1.0898 -4.00232 -1.07509 0.624008
18 0.524217 -1.96105 -1.32359 -3.94172 -1.36685 0.731358
18 0.240739 -1.95981 -1.30316 -3.90813 -1.293 1.00088
18 -0.0427397 -1.95857 -1.28273 -3.87453 -1.21916 1.27039
18 -0.326218 -1.95733 -1.26231 -3.84094 -1.14531 1.53991
18 -0.609697 -1.95609 -1.24188 -3.80734 -1.07147 1.80943
18 -0.681694 -2.11606 -1.18055 -4.04823 -1.087 2.06865
18 -0.614188 -2.22808 -1.19093 -4.19993 -1.4159 2.17636
18 -0.842337 -2.31799 -1.10501 -4.43098 -1.5708 2.29926
19 2.26097 -2.2029 -1.3037 -4.34737 -1.5708 -0.880619
19 1.91399 -2.05465 -1.38474 -4.27855 -1.59083 -0.957595
19 1.6626 -2.06498 -1.15248 -4.17799 -1.45551 -0.837906
19 1.64969 -1.94887 -1.02173 -3.98644 -1.4161 -1.13959
19 1.51586 -1.95307 -1.02492 -3.98317 -1.4013 -0.967181
19 1.27125 -1.96074 -1.03074 -3.97718 -1.37424 -0.652052
19 1.02664 -1.96841 -1.03657 -3.9712 -1.34718 -0.336924
19 0.782033 -1.97608 -1.04239 -3.96521 -1.32013 -0.021796
19 0.900546 -2.05286 -0.961796 -4.22867 -1.52539 0.126604
19 0.656098 -2.04897 -0.900631 -4.24492 -1.54781 0.435994
19 0.700858 -2.17055 -1.26162 -4.34564 -1.58201 0.475836
19 0.443659 -2.19513 -1.23552 -4.35986 -1.58014 0.77974
19 0.186459 -2.2197 -1.20942 -4.37408 -1.57828 1.08364
19 -0.0707397 -2.24427 -1.18332 -4.38831 -1.57641 1.38755
19 -0.327939 -2.26884 -1.15721 -4.40253 -1.57454 1.69145
19 -0.585138 -2.29342 -1.13111 -4.41676 -1.57267 1.99536
19 -0.842337 -2.31799 -1.10501 -4.43098 -1.5708 2.29926
20 2.26097 -2.2029 -1.3037 -4.34737 -1.5708 -0.880619
20 1.96549 -2.21227 -1.27991 -4.33967 -1.55348 -0.612886
20 1.77079 -2.11612 -1.35516 -4.17386 -1.28799 -0.708815
20 1.58926 -2.02424 -1.02208 -4.21108 -1.34456 -0.764306
20 1.3555 -1.99658 -1.02745 -3.9268 -1.31374 -0.613325
20 1.17612 -2.08861 -0.932237 -3.81577 -1.21838 -0.31522
20 0.906033 -2.07947 -0.878137 -3.80851 -1.19292 -0.02653
20 0.635947 -2.07033 -0.824037 -3.80125 -1.16746 0.26216
20 0.365861 -2.06119 -0.769937 -3.79399 -1.14201 0.550851
20 0.0957746 -2.05205 -0.715836 -3.78673 -1.11655 0.839541
20 -0.174312 -2.04291 -0.661736 -3.77947 -1.09109 1.12823
20 -0.444398 -2.03376 -0.607636 -3.77221 -1.06563 1.41692
20 -0.628648 -2.02753 -0.570729 -3.76726 -1.04826 1.61386
20 -0.66187 -2.09517 -0.734052 -4.08524 -1.16429 1.7282
20 -0.664746 -2.36288 -0.927967 -4.22736 -1.33891 1.7334
20 -0.921673 -2.3038 -1.04744 -4.26448 -1.3842 2.00321
20 -0.842337 -2.31799 -1.10501 -4.43098 -1.5708 2.29926
21 2.26097 -2.2029 -1.3037 -4.34737 -1.5708 -0.880619
21 1.90684 -2.1019 -1.17351 -4.29684 -1.57394 -0.810801
21 1.64017 -2.11574 -1.14271 -4.26617 -1.53849 -0.518308
21 1.77498 -2.19963 -0.849458 -4.19758 -1.45111 -0.327378
21 1.44322 -2.16787 -0.870122 -4.15202 -1.43256 -0.112722
21 1.32213 -2.10232 -0.599461 -3.94517 -1.30069 -0.0255022
21 1.29449 -1.86545 -0.715661 -3.67055 -1.41988 -0.026066
21 0.951097 -1.89667 -0.726835 -3.65932 -1.3885 0.173613
21 0.607706 -1.9279 -0.73801 -3.64808 -1.35711 0.373293
21 0.264316 -1.95913 -0.749185 -3.63685 -1.32572 0.572972
21 -0.079074 -1.99035 -0.760359 -3.62562 -1.29433 0.772651
21 -0.162223 -1.99791 -0.763065 -3.6229 -1.28673 0.821002
21 -0.0638475 -2.02363 -0.96399 -3.94506 -1.34832 0.862368
21 0.175434 -2.19179 -0.973505 -4.09772 -1.34375 1.08831
21 0.215213 -2.23486 -1.13136 -4.37938 -1.57201 1.10288
21 -0.0491741 -2.25565 -1.12477 -4.39228 -1.57171 1.40198
21 -0.313562 -2.27643 -1.11819 -4.40518 -1.5714 1.70107
21 -0.577949 -2.29721 -1.1116 -4.41808 -1.5711 2.00017
21 -0.842337 -2.31799 -1.10501 -4.43098 -1.5708 2.29926
22 2.26097 -2.2029 -1.3037 -4.34737 -1.5708 -0.880619
22 1.97058 -2.19016 -1.27368 -4.34906 -1.5624 -0.607608
22 1.78098 -2.08459 -1.16597 -4.26133 -1.257 -0.589071
22 1.83582 -2.03799 -1.14661 -4.21035 -1.01837 -0.281005
22 1.51636 -2.02983 -1.02282 -4.19221 -1.04227 -0.0769095
22 1.18485 -1.99244 -0.887597 -4.16276 -1.01394 0.092651
22 0.853347 -1.95505 -0.752372 -4.13331 -0.985604 0.262211
22 0.521842 -1.91766 -0.617148 -4.10386 -0.957271 0.431772
22 0.190337 -1.88027 -0.481924 -4.07441 -0.928939 0.601332
22 -0.141168 -1.84288 -0.346699 -4.04496 -0.900606 0.770893
22 -0.317467 -1.82299 -0.274785 -4.0293 -0.885538 0.861067
22 -0.264577 -1.98435 -0.332726 -4.09107 -1.17548 1.06088
22 -0.415286 -2.06333 -0.688796 -4.05805 -1.19967 1.01003
22 -0.73284 -2.06026 -0.619803 -4.02866 -1.19138 1.24124
22 -1.05039 -2.05719 -0.550809 -3.99927 -1.18309 1.47245
22 -1.15664 -2.11823 -0.804196 -4.00893 -1.08239 1.73805
22 -1.16107 -2.06755 -0.857044 -4.27696 -1.28205 1.94521
22 -1.07678 -2.05642 -0.958651 -4.36675 -1.47429 2.25735
22 -0.842337 -2.31799 -1.10501 -4.43098 -1.5708 2.29926
23 2.26097 -2.2029 -1.3037 -4.34737 -1.5708 -0.880619
23 1.97631 -2.21167 -1.26771 -4.33082 -1.56426 -0.602629
23 2.03109 -2.03741 -1.18353 -4.16689 -1.30085 -0.450016
23 1.96161 -2.03301 -1.14609 -4.11666 -1.2761 -0.403753
23 1.70274 -2.0166 -1.00656 -3.9295 -1.18388 -0.231374
23 1.44387 -2.00018 -0.867029 -3.74233 -1.09166 -0.0589953
23 1.185 -1.98377 -0.7275 -3.55517 -0.999438 0.113383
23 0.926131 -1.96736 -0.587971 -3.36801 -0.907217 0.285762
23 0.667261 -1.95095 -0.448443 -3.18085 -0.814996 0.458141
23 0.40839 -1.93454 -0.308914 -2.99369 -0.722774 0.63052
23 0.149519 -1.91813 -0.169385 -2.80653 -0.630553 0.802898
23 -0.0901978 -2.03611 -0.333875 -2.91721 -0.410403 0.773848
23 -0.377729 -2.04369 -0.235243 -3.14444 -0.453497 0.892371
23 -0.352342 -2.00024 -0.407682 -3.16675 -0.530583 1.24064
23 -0.223812 -1.91952 -0.597922 -3.44109 -0.672548 1.31384
23 -0.353757 -2.04559 -0.615589 -3.69075 -0.532622 1.52597
23 -0.380157 -2.30108 -0.796439 -3.7002 -0.757861 1.62845
23 -0.454221 -2.26926 -0.866389 -3.90366 -1.08059 1.68375
23 -0.534744 -2.24612 -0.992786 -4.02572 -1.24056 1.99443
23 -0.771011 -2.29629 -0.920326 -4.1711 -1.50113 2.0803
23 -0.842337 -2.31799 -1.10501 -4.43098 -1.5708 2.29926
24 2.26097 -2.2029 -1.3037 -4.34737 -1.5708 -0.880619
24 1.98645 -2.20428 -1.28342 -4.32207 -1.56847 -0.591521
24 2.04473 -1.96879 -1.1076 -4.1427 -1.69424 -0.442377
24 1.82951 -1.92117 -1.07705 -3.90807 -1.52084 -0.283123
24 1.52277 -1.72418 -1.0072 -3.77516 -1.49156 -0.222285
24 1.70467 -1.99678 -0.906247 -3.83462 -1.49659 -0.109239
24 1.49012 -2.01444 -0.779206 -3.64024 -1.37188 0.100949
24 1.27556 -2.0321 -0.652166 -3.44586 -1.24718 0.311138
24 1.061 -2.04976 -0.525126 -3.25148 -1.12247 0.521327
24 0.846444 -2.06742 -0.398086 -3.0571 -0.997768 0.731516
24 0.631887 -2.08508 -0.271046 -2.86272 -0.873063 0.941704
24 0.41733 -2.10274 -0.144006 -2.66834 -0.748359 1.15189
24 0.198451 -2.05848 -0.0417365 -2.69417 -0.630079 1.44347
24 -0.0834988 -2.05492 0.139186 -2.85405 -0.506875 1.3597
24 -0.30617 -1.9747 -0.132049 -2.85277 -0.468427 1.1896
24 -0.477162 -2.00144 -0.464248 -2.87626 -0.530686 1.06606
24 -0.613032 -1.87424 -0.691867 -2.75307 -0.385185 1.25894
24 -0.828295 -1.8811 -0.872593 -2.92816 -0.551432 1.40947
24 -0.815118 -1.9895 -1.01204 -3.09206 -0.865644 1.46457
24 -0.709922 -2.09888 -0.93983 -3.38966 -1.01409 1.61002
24 -0.563007 -2.1109 -0.995682 -3.56368 -1.21974 1.86017
24 -0.716414 -2.12478 -1.14335 -3.81691 -1.39293 2.00282
24 -0.706656 -2.21782 -1.08443 -4.0739 -1.54557 2.24455
24 -0.842337 -2.31799 -1.10501 -4.43098 -1.5708 2.29926
25 2.26097 -2.2029 -1.3037 -4.34737 -1.5708 -0.880619
25 1.96479 -2.20398 -1.28854 -4.34102 -1.55942 -0.61252
25 1.72693 -2.08136 -1.15085 -4.27433 -1.39798 -0.41525
25 1.54082 -2.01954 -1.0771 -4.03094 -1.27351 -0.211838
25 1.38047 -1.98093 -0.985255 -3.90636 -1.00032 -0.396791
25 1.21631 -1.92092 -0.878544 -3.65454 -0.907785 -0.182108
25 1.05215 -1.86092 -0.771833 -3.40272 -0.815247 0.0325746
25 0.887997 -1.80092 -0.665122 -3.1509 -0.722709 0.247257
25 0.72384 -1.74092 -0.558411 -2.89908 -0.630171 0.46194
25 0.559683 -1.68092 -0.4517 -2.64726 -0.537632 0.676623
25 0.395527 -1.62091 -0.344989 -2.39544 -0.445094 0.891306
25 0.23137 -1.56091 -0.238278 -2.14362 -0.352556 1.10599
25 0.0767068 -1.50438 -0.137738 -1.90637 -0.265369 1.30826
25 -0.0386579 -1.49489 -0.451191 -1.96536 -0.217138 1.51451
25 0.0563156 -1.46104 -0.567541 -2.26513 -0.432262 1.50213
25 0.134826 -1.52771 -0.642443 -2.6072 -0.474826 1.34414
25 0.0503525 -1.70013 -0.530664 -2.69976 -0.642558 1.61605
25 -0.00688573 -2.02153 -0.603171 -2.86721 -0.516526 1.68123
25 -0.0404475 -2.07067 -0.732418 -3.10098 -0.615338 1.95571
25 -0.0957765 -2.11362 -0.98103 -3.21783 -0.806822 2.16299
25 -0.311156 -2.17728 -0.928034 -3.43597 -1.03364 2.25084
25 -0.608695 -2.18342 -0.904399 -3.69215 -1.07073 2.18861
25 -0.823983 -2.15095 -1.21576 -3.70933 -0.9971 2.08893
25 -0.944585 -2.19485 -1.16133 -4.0548 -1.13077 2.0311
25 -0.888494 -2.21443 -1.14247 -4.27982 -1.4498 1.97025
25 -0.842337 -2.31799 -1.10501 -4.43098 -1.5708 2.29926
26 2.26097 -2.2029 -1.3037 -4.34737 -1.5708 -0.880619
26 2.04371 -2.07561 -1.3443 -4.2497 -1.47358 -0.605022
26 1.97074 -1.90709 -1.11901 -4.25326 -1.29696 -0.394507
26 1.64116 -1.97157 -1.06816 -4.08196 -1.28715 -0.271244
26 1.61905 -1.82848 -0.822273 -3.91923 -1.25748 -0.497551
26 1.31416 -1.93666 -0.855057 -3.81055 -1.25796 -0.3063
26 1.00351 -2.04688 -0.88846 -3.6998 -1.25844 -0.111439
26 0.692863 -2.1571 -0.921863 -3.58906 -1.25893 0.0834215
26 0.484498 -2.17444 -0.944171 -3.84237 -1.4028 0.259261
26 0.695547 -2.23055 -1.14702 -4.02642 -1.39695 0.452285
26 0.841434 -2.17658 -1.24461 -4.32522 -1.51408 0.60485
26 0.560806 -2.20015 -1.22135 -4.34284 -1.52353 0.887252
26 0.280177 -2.22372 -1.19808 -4.36047 -1.53299 1.16965
26 -0.000451453 -2.24728 -1.17481 -4.3781 -1.54244 1.45205
26 -0.28108 -2.27085 -1.15154 -4.39573 -1.55189 1.73446
26 -0.561708 -2.29442 -1.12828 -4.41335 -1.56135 2.01686
26 -0.842337 -2.31799 -1.10501 -4.43098 -1.5708 2.29926
27 2.26097 -2.2029 -1.3037 -4.34737 -1.5708 -0.880619
27 1.96875 -2.20532 -1.27505 -4.33965 -1.55019 -0.609885
27 1.81431 -2.04411 -1.08695 -4.28757 -1.38056 -0.401817
27 1.45925 -2.04149 -1.00948 -4.12429 -1.34666 -0.412253
27 1.29622 -1.86626 -0.757389 -3.95777 -1.45112 -0.435205
27 1.01568 -1.86587 -0.848269 -3.9337 -1.35176 -0.185031
27 0.735141 -1.86547 -0.939149 -3.90964 -1.2524 0.0651422
27 0.454601 -1.86508 -1.03003 -3.88557 -1.15304 0.315316
27 0.174062 -1.86468 -1.12091 -3.8615 -1.05368 0.565489
27 -0.106478 -1.86429 -1.21179 -3.83744 -0.954325 0.815663
27 -0.387017 -1.86389 -1.30267 -3.81337 -0.854965 1.06584
27 -0.667557 -1.8635 -1.39355 -3.7893 -0.755606 1.31601
27 -0.948096 -1.8631 -1.48443 -3.76524 -0.656246 1.56618
27 -1.02587 -1.86299 -1.50962 -3.75857 -0.6287 1.63554
27 -0.871472 -1.91216 -1.57825 -3.94469 -0.935904 1.63151
27 -0.638701 -2.03648 -1.4189 -4.05033 -0.920061 1.86295
27 -0.713462 -2.11707 -1.1804 -4.19153 -1.18669 1.86421
27 -0.917019 -2.2292 -0.992169 -4.26336 -1.34669 2.06371
27 -0.842337 -2.31799 -1.10501 -4.43098 -1.5708 2.29926
28 2.26097 -2.2029 -1.3037 -4.34737 -1.5708 -0.880619
28 1.95988 -2.16642 -1.1703 -4.31706 -1.38517 -1.00245
28 1.70861 -2.17694 -1.17558 -4.29014 -1.3821 -0.692627
28 1.7171 -2.1455 -1.02761 -3.9987 -1.22506 -0.526953
28 1.57839 -1.98252 -1.03494 -3.67892 -1.13276 -0.468921
28 1.45269 -1.83484 -1.04159 -3.38914 -1.04912 -0.416332
28 1.19216 -2.07257 -0.85843 -3.35643 -1.07489 -0.398436
28 0.95219 -2.21592 -0.844009 -3.45015 -0.892726 -0.199209
28 0.711985 -2.20929 -0.874192 -3.66435 -1.11889 -0.264931
28 0.865224 -2.14627 -1.17165 -3.80037 -1.22952 -0.149515
28 0.890495 -2.27549 -1.08683 -3.90282 -1.28761 0.199195
28 0.977659 -2.21044 -1.11075 -4.26918 -1.4031 0.205536
28 0.707574 -2.23416 -1.14112 -4.36797 -1.46813 0.47308
28 0.449255 -2.24813 -1.1351 -4.37847 -1.48524 0.777444
28 0.190937 -2.2621 -1.12908 -4.38897 -1.50235 1.08181
28 -0.0673815 -2.27607 -1.12307 -4.39948 -1.51946 1.38617
28 -0.3257 -2.29005 -1.11705 -4.40998 -1.53658 1.69053
28 -0.584019 -2.30402 -1.11103 -4.42048 -1.55369 1.9949
28 -0.842337 -2.31799 -1.10501 -4.43098 -1.5708 2.29926
29 2.26097 -2.2029 -1.3037 -4.34737 -1.5708 -0.880619
29 1.97138 -2.2155 -1.26739 -4.34389 -1.55997 -0.607615
29 2.06944 -2.18525 -0.997344 -4.33987 -1.54614 -0.331327
29 1.78002 -2.13725 -0.966224 -4.10831 -1.44263 -0.238438
29 1.46058 -2.16229 -0.953961 -3.944 -1.31447 -0.121149
29 1.25764 -1.98314 -0.965751 -3.84464 -1.30056 0.155467
29 1.24448 -1.99116 -0.947573 -3.83808 -1.30596 0.189089
29 1.11939 -2.06739 -0.774755 -3.77578 -1.35724 0.508719
29 0.852381 -2.03427 -0.712197 -3.61724 -1.30415 0.744814
29 0.585368 -2.00115 -0.649638 -3.45871 -1.25105 0.980909
29 0.318356 -1.96802 -0.58708 -3.30017 -1.19796 1.217
29 0.0513439 -1.9349 -0.524521 -3.14163 -1.14487 1.4531
29 -0.174178 -2.13293 -0.306126 -3.20993 -1.1402 1.32066
29 -0.538184 -2.14038 -0.457575 -3.219 -1.16877 1.38073
29 -0.718866 -2.15949 -0.673289 -3.38337 -1.22913 1.60387
29 -0.533678 -2.13092 -0.665403 -3.72969 -1.27846 1.65343
29 -0.684046 -2.23687 -0.540779 -3.95003 -1.13056 1.85396
29 -0.931632 -2.20586 -0.761427 -4.15311 -1.21591 1.87693
29 -0.784481 -2.33539 -0.921864 -4.31075 -1.45695 1.99041
29 -0.842337 -2.31799 -1.10501 -4.43098 -1.5708 2.29926
30 2.26097 -2.2029 -1.3037 -4.34737 -1.5708 -0.880619
30 2.08119 -1.92057 -1.18501 -4.38195 -1.67331 -1.02954
30 1.90376 -1.77576 -1.07816 -4.20064 -1.42549 -1.07253
30 1.60598 -1.80647 -0.999337 -4.09925 -1.38043 -0.844793
30 1.30821 -1.83717 -0.920519 -3.99786 -1.33536 -0.617058
30 1.01043 -1.86788 -0.841701 -3.89647 -1.2903 -0.389323
30 0.712656 -1.89859 -0.762883 -3.79508 -1.24523 -0.161588
30 0.41488 -1.92929 -0.684065 -3.69369 -1.20017 0.066147
30 0.117104 -1.96 -0.605247 -3.5923 -1.1551 0.293882
30 -0.110518 -1.98347 -0.544997 -3.5148 -1.12065 0.467964
30 -0.00892999 -2.08002 -0.764865 -3.37449 -1.00909 0.712677
30 0.193379 -2.22744 -0.689749 -3.64498 -0.899184 0.792971
30 0.200823 -2.226 -0.662421 -3.77598 -1.20424 1.01428
30 0.0684284 -2.20405 -0.80385 -3.92577 -1.12785 1.3204
30 -0.0745138 -2.27111 -1.03449 -4.01507 -1.37913 1.42413
30 0.0105229 -2.2946 -1.15026 -4.31012 -1.60277 1.46595
30 -0.273764 -2.3024 -1.13518 -4.3504 -1.59211 1.74372
30 -0.55805 -2.31019 -1.12009 -4.39069 -1.58146 2.02149
30 -0.842337 -2.31799 -1.10501 -4.43098 -1.5708 2.29926
31 2.26097 -2.2029 -1.3037 -4.34737 -1.5708 -0.880619
31 1.97014 -2.20196 -1.29045 -4.32846 -1.5592 -0.607214
31 2.00885 -2.01117 -1.14586 -4.2753 -1.4748 -0.305148
31 1.8867 -1.9154 -1.00067 -3.95839 -1.56989 -0.231955
31 1.96755 -1.82495 -0.874418 -3.627 -1.4302 -0.234368
31 1.75424 -1.60895 -0.73972 -3.47534 -1.2668 -0.235607
31 1.63479 -1.64815 -0.771384 -3.54004 -1.26669 -0.118357
31 1.37844 -1.73229 -0.839335 -3.67889 -1.26643 0.133262
31 1.1221 -1.81642 -0.907287 -3.81774 -1.26618 0.384881
31 0.865751 -1.90056 -0.975239 -3.95659 -1.26593 0.636501
31 0.609405 -1.98469 -1.04319 -4.09543 -1.26567 0.88812
31 0.315001 -2.01932 -1.07978 -4.19698 -1.23001 1.13144
31 0.333915 -2.19141 -1.12186 -4.36675 -1.5312 1.22482
31 0.0398519 -2.22306 -1.11765 -4.38281 -1.5411 1.49343
31 -0.254211 -2.2547 -1.11344 -4.39887 -1.551 1.76204
31 -0.548274 -2.28635 -1.10922 -4.41492 -1.5609 2.03065
31 -0.842337 -2.31799 -1.10501 -4.43098 -1.5708 2.29926
32 2.26097 -2.2029 -1.3037 -4.34737 -1.5708 -0.880619
32 1.99264 -2.20454 -1.29343 -4.33185 -1.55083 -0.585241
32 1.75688 -2.05416 -1.24821 -4.18301 -1.31732 -0.52971
32 1.57396 -2.06119 -1.14389 -3.97159 -1.24036 -0.274788
32 1.54335 -2.12489 -0.896433 -4.02537 -0.975137 -0.418103
32 1.39356 -2.05308 -0.893237 -3.94561 -1.06838 -0.395779
32 1.10516 -1.91482 -0.887083 -3.79203 -1.24792 -0.352797
32 0.822445 -1.8963 -0.659305 -3.75161 -1.20662 -0.196249
32 0.8151 -1.9545 -0.920573 -3.74415 -1.21744 0.10061
32 0.517664 -1.92303 -0.817097 -3.60555 -1.1859 0.299679
32 0.220228 -1.89155 -0.713621 -3.46695 -1.15435 0.498749
32 -0.0772084 -1.86008 -0.610145 -3.32835 -1.12281 0.697818
32 -0.0733862 -1.89636 -0.45031 -3.26165 -1.19326 1.04954
32 0.0555684 -2.07064 -0.618055 -3.19663 -0.975655 1.23197
32 0.144256 -1.99349 -0.775747 -3.21559 -1.21721 1.48218
32 -0.149148 -2.05604 -0.840725 -3.45199 -1.17837 1.57376
32 -0.280859 -2.05827 -0.846932 -3.65184 -1.15933 1.89361
32 -0.506644 -2.12083 -0.951954 -3.82909 -1.0983 2.13638
32 -0.780728 -2.22632 -1.20348 -3.91779 -1.12324 2.18105
32 -0.67265 -2.22083 -1.19139 -4.17764 -1.35243 2.34865
32 -0.842337 -2.31799 -1.10501 -4.43098 -1.5708 2.29926
33 2.26097 -2.2029 -1.3037 -4.34737 -1.5708 -0.880619
33 1.971 -2.2056 -1.28287 -4.339 -1.55051 -0.606768
33 2.04172 -2.06913 -1.09131 -4.14564 -1.65882 -0.381909
33 1.75553 -2.06789 -1.04285 -4.11387 -1.58997 -0.117349
33 1.46933 -2.06665 -0.994396 -4.0821 -1.52111 0.147211
33 1.18314 -2.06541 -0.945938 -4.05033 -1.45225 0.411771
33 0.914006 -2.00824 -0.676369 -4.02196 -1.45131 0.515825
33 0.896565 -2.0101 -0.681167 -4.01997 -1.44491 0.536955
33 0.653254 -2.03608 -0.748095 -3.99223 -1.35557 0.831734
33 0.409942 -2.06206 -0.815023 -3.9645 -1.26623 1.12651
33 0.317523 -2.13342 -0.949279 -4.21932 -1.49177 1.01453
33 0.0084867 -2.14494 -0.923822 -4.23253 -1.46183 1.26482
33 -0.300549 -2.15646 -0.898364 -4.24573 -1.43188 1.51511
33 -0.609586 -2.16798 -0.872907 -4.25894 -1.40194 1.7654
33 -0.815613 -2.23158 -1.08264 -4.25859 -1.35551 2.02494
33 -0.842337 -2.31799 -1.10501 -4.43098 -1.5708 2.29926
34 2.26097 -2.2029 -1.3037 -4.34737 -1.5708 -0.880619
34 1.96228 -2.2073 -1.27714 -4.34122 -1.56372 -0.616099
34 1.77409 -1.96178 -1.25076 -4.1834 -1.4091 -0.737732
34 1.50738 -1.98275 -1.10437 -4.07494 -1.32451 -0.518471
34 1.22537 -1.95212 -0.926458 -4.00266 -1.13334 -0.440303
34 0.999245 -1.95434 -0.992108 -3.98474 -1.19914 -0.215132
34 0.692962 -1.95139 -0.889865 -3.90621 -1.11614 -0.00855558
34 0.386679 -1.94845 -0.787623 -3.82769 -1.03315 0.19802
34 0.0803961 -1.94551 -0.68538 -3.74916 -0.95015 0.404597
34 -0.225887 -1.94256 -0.583138 -3.67063 -0.867154 0.611173
34 -0.53217 -1.93962 -0.480895 -3.5921 -0.784159 0.817749
34 -0.838453 -1.93668 -0.378653 -3.51357 -0.701164 1.02432
34 -0.653477 -2.0702 -0.315913 -3.59663 -0.565724 1.305
34 -0.456437 -2.02671 -0.442386 -3.60989 -0.686058 1.60271
34 -0.578221 -2.15629 -0.439193 -3.91503 -0.841851 1.70752
34 -0.758991 -2.12833 -0.743668 -3.97676 -0.966239 1.82816
34 -0.971537 -2.15045 -0.811797 -4.14264 -1.19712 1.99808
34 -0.965144 -2.25038 -1.01679 -4.28098 -1.49434 1.97643
34 -0.842337 -2.31799 -1.10501 -4.43098 -1.5708 2.29926
35 2.26097 -2.2029 -1.3037 -4.34737 -1.5708 -0.880619
35 1.97548 -2.21794 -1.26803 -4.33702 -1.55895 -0.60358
35 1.84038 -1.98644 -1.21339 -4.26125 -1.30794 -0.475444
35 1.63389 -1.85418 -1.17957 -4.12693 -1.21071 -0.208552
35 1.38218 -1.86957 -1.125 -4.03225 -1.07506 0.0484767
35 1.17818 -1.92357 -0.867616 -3.95851 -0.909163 -0.0790481
35 0.883337 -1.94541 -0.822869 -3.96095 -0.86649 0.183175
35 0.588494 -1.96725 -0.778121 -3.96339 -0.823817 0.445399
35 0.293651 -1.98909 -0.733374 -3.96583 -0.781144 0.707622
35 -0.00119271 -2.01093 -0.688626 -3.96827 -0.738471 0.969846
35 -0.296036 -2.03277 -0.643879 -3.97072 -0.695798 1.23207
35 -0.590879 -2.05461 -0.599131 -3.97316 -0.653124 1.49429
35 -0.885722 -2.07645 -0.554384 -3.9756 -0.610451 1.75652
35 -0.923205 -2.07923 -0.548695 -3.97591 -0.605026 1.78985
35 -0.74802 -2.16429 -0.837822 -3.99151 -0.799728 1.80796
35 -0.65489 -2.29413 -0.912891 -4.0569 -1.1231 1.94933
35 -0.752121 -2.36168 -0.927207 -4.23813 -1.44575 2.04332
35 -0.842337 -2.31799 -1.10501 -4.43098 -1.5708 2.29926
36 2.26097 -2.2029 -1.3037 -4.34737 -1.5708 -0.880619
36 2.34917 -2.1362 -0.954334 -4.32667 -1.42303 -0.821882
36 2.11868 -2.13909 -0.878684 -4.24797 -1.40232 -0.663678
36 1.81222 -2.14293 -0.778099 -4.14334 -1.3748 -0.45333
36 1.50576 -2.14678 -0.677514 -4.03871 -1.34727 -0.242982
36 1.1993 -2.15062 -0.576929 -3.93408 -1.31975 -0.0326341
36 0.892846 -2.15446 -0.476344 -3.82945 -1.29222 0.177714
36 0.586389 -2.15831 -0.375759 -3.72482 -1.2647 0.388062
36 0.279931 -2.16215 -0.275174 -3.62019 -1.23717 0.59841
36 -0.0265268 -2.16599 -0.174589 -3.51556 -1.20965 0.808758
36 -0.332985 -2.16984 -0.0740042 -3.41093 -1.18212 1.01911
36 -0.639442 -2.17368 0.0265807 -3.3063 -1.1546 1.22945
36 -0.782223 -2.17942 -0.307324 -3.19109 -1.10779 1.34181
36 -0.891222 -2.23498 -0.439901 -3.43118 -1.24716 1.56628
36 -0.929118 -2.26145 -0.626896 -3.64081 -1.52405 1.61408
36 -1.22455 -2.24014 -0.746608 -3.81479 -1.54918 1.77852
36 -1.0184 -2.30024 -0.996959 -3.85651 -1.53269 2.00034
36 -0.899723 -2.35438 -0.90804 -4.1481 -1.69524 2.15407
36 -0.842337 -2.31799 -1.10501 -4.43098 -1.5708 2.29926
37 2.26097 -2.2029 -1.3037 -4.34737 -1.5708 -0.880619
37 2.02643 -2.18048 -1.16473 -4.15405 -1.40435 -0.738857
37 1.98638 -1.97715 -1.00184 -4.15359 -1.25272 -0.47899
37 1.65642 -2.01944 -0.930921 -4.03345 -1.33819 -0.328773
37 1.61109 -1.91922 -0.854756 -3.72325 -1.17295 -0.465069
37 1.51412 -1.9652 -0.662643 -3.45127 -1.02004 -0.345812
37 1.61634 -1.9684 -0.455354 -3.31387 -1.15839 -0.60764
37 1.44348 -1.99993 -0.496175 -3.36865 -1.23492 -0.479337
37 1.15603 -2.05237 -0.564057 -3.45974 -1.36217 -0.265974
37 0.868582 -2.10481 -0.631939 -3.55082 -1.48943 -0.0526113
37 0.581132 -2.15725 -0.699822 -3.64191 -1.61669 0.160751
37 0.592667 -2.16052 -1.02158 -3.82452 -1.46667 0.138865
37 0.865422 -2.19583 -1.06841 -4.01271 -1.33667 0.311633
37 0.799434 -2.23929 -1.13919 -4.27249 -1.47554 0.560572
37 0.525805 -2.25241 -1.13349 -4.29891 -1.49142 0.850353
37 0.252177 -2.26553 -1.12779 -4.32532 -1.50729 1.14013
37 -0.0214516 -2.27864 -1.1221 -4.35174 -1.52317 1.42992
37 -0.29508 -2.29176 -1.1164 -4.37815 -1.53905 1.7197
37 -0.568709 -2.30487 -1.11071 -4.40457 -1.55492 2.00948
37 -0.842337 -2.31799 -1.10501 -4.43098 -1.5708 2.29926
38 2.26097 -2.2029 -1.3037 -4.34737 -1.5708 -0.880619
38 1.96541 -2.21569 -1.27296 -4.33417 -1.57429 -0.613503
38 1.84096 -2.04487 -1.25433 -4.12107 -1.66151 -0.364578
38 1.5788 -2.06252 -1.19264 -4.05999 -1.64065 -0.0764999
38 1.31664 -2.08016 -1.13094 -3.99891 -1.61979 0.211579
38 1.05448 -2.0978 -1.06925 -3.93782 -1.59893 0.499657
38 1.13496 -1.94646 -0.968249 -3.71225 -1.45185 0.71852
38 0.877194 -1.94083 -1.06188 -3.65691 -1.46146 0.847864
38 0.542896 -1.93353 -1.18331 -3.58514 -1.47392 1.01561
38 0.380498 -2.06186 -1.09212 -3.86192 -1.51445 1.19052
38 0.102055 -2.05529 -1.04185 -3.84095 -1.51397 1.4724
38 -0.176388 -2.04871 -0.991583 -3.81997 -1.5135 1.75429
38 -0.454831 -2.04213 -0.941314 -3.799 -1.51303 2.03617
38 -0.726849 -2.21215 -0.967719 -3.98995 -1.41116 1.93839
38 -0.952781 -2.34197 -0.969442 -4.20388 -1.6087 2.02387
38 -0.842337 -2.31799 -1.10501 -4.43098 -1.5708 2.29926
39 2.26097 -2.2029 -1.3037 -4.34737 -1.5708 -0.880619
39 1.98957 -2.20752 -1.28305 -4.33133 -1.54971 -0.588738
39 1.72512 -2.08284 -1.12779 -4.19801 -1.41393 -0.469561
39 1.42921 -2.0842 -1.06445 -4.09511 -1.34866 -0.238105
39 1.38568 -1.94477 -0.985046 -3.76572 -1.38502 -0.0879917
39 1.34216 -1.80534 -0.905643 -3.43632 -1.42138 0.0621221
39 1.29863 -1.66591 -0.82624 -3.10692 -1.45775 0.212236
39 1.29573 -1.65663 -0.820953 -3.08499 -1.46017 0.22223
39 1.02219 -1.80687 -0.963821 -3.23461 -1.3955 0.347216
39 0.829951 -1.9346 -0.934801 -3.55069 -1.33513 0.395532
39 0.779711 -2.08718 -0.925438 -3.86927 -1.2054 0.269905
39 0.724447 -2.15961 -0.974011 -4.11327 -1.35808 0.527768
39 0.443917 -2.18114 -0.930902 -4.08952 -1.34242 0.80736
39 0.163387 -2.20266 -0.887793 -4.06576 -1.32677 1.08695
39 -0.117143 -2.22418 -0.844684 -4.04201 -1.31111 1.36654
39 -0.397674 -2.2457 -0.801574 -4.01825 -1.29545 1.64614
39 -0.541353 -2.32321 -1.00851 -3.98861 -1.37914 1.93362
39 -0.651791 -2.25249 -1.08208 -4.17521 -1.34448 2.252
39 -0.842337 -2.31799 -1.10501 -4.43098 -1.5708 2.29926
40 2.26097 -2.2029 -1.3037 -4.34737 -1.5708 -0.880619
40 1.98278 -2.04295 -1.41086 -4.3178 -1.41658 -1.02514
40 1.99701 -1.9453 -1.2295 -3.98989 -1.32339 -1.05923
40 1.7346 -1.97166 -1.18069 -3.97026 -1.35661 -0.764995
40 1.61253 -1.88141 -1.01505 -3.67626 -1.31429 -0.910905
40 1.49513 -1.86113 -0.876563 -3.47177 -1.0243 -0.884078
40 1.32115 -1.80771 -0.733901 -3.20264 -1.06896 -0.704921
40 1.05105 -1.73692 -0.721664 -3.10481 -0.9101 -0.487942
40 0.780945 -1.66613 -0.709426 -3.00698 -0.751243 -0.270964
40 0.510845 -1.59535 -0.697189 -2.90916 -0.592385 -0.0539856
40 0.253264 -1.52784 -0.685519 -2.81586 -0.440892 0.152936
40 0.0883846 -1.70874 -0.725798 -2.98775 -0.52597 0.401302
40 0.265158 -1.78643 -0.72163 -3.25956 -0.738259 0.340081
40 0.516238 -1.88069 -0.609584 -3.32785 -0.913029 0.540862
40 0.674113 -1.95318 -0.553807 -3.54603 -1.13594 0.712379
40 0.512104 -2.02586 -0.694934 -3.63349 -1.41723 0.564799
40 0.423774 -2.10333 -0.936855 -3.87217 -1.52253 0.704858
40 0.224894 -2.14599 -1.10646 -4.14876 -1.49927 0.591643
40 0.445849 -2.19258 -1.24447 -4.37937 -1.50048 0.783413
40 0.188212 -2.21766 -1.21658 -4.3897 -1.51454 1.08658
40 -0.0694255 -2.24274 -1.18869 -4.40002 -1.52861 1.38975
40 -0.327063 -2.26783 -1.16079 -4.41034 -1.54267 1.69292
40 -0.5847 -2.29291 -1.1329 -4.42066 -1.55674 1.99609
40 -0.842337 -2.31799 -1.10501 -4.43098 -1.5708 2.29926
41 2.26097 -2.2029 -1.3037 -4.34737 -1.5708 -0.880619
41 2.34021 -1.93172 -1.18491 -4.20339 -1.362 -0.838832
41 2.2757 -1.92336 -1.15649 -4.17725 -1.32108 -0.794324
41 2.00922 -1.88879 -1.03908 -4.06928 -1.15208 -0.610497
41 1.74274 -1.85422 -0.921677 -3.9613 -0.983079 -0.42667
41 1.47627 -1.81966 -0.804271 -3.85333 -0.814078 -0.242843
41 1.20979 -1.78509 -0.686866 -3.74535 -0.645078 -0.0590163
41 0.943318 -1.75052 -0.569461 -3.63738 -0.476078 0.124811
41 0.676843 -1.71595 -0.452056 -3.5294 -0.307077 0.308638
41 0.410367 -1.68139 -0.334651 -3.42143 -0.138077 0.492465
41 0.143892 -1.64682 -0.217245 -3.31346 0.0309235 0.676292
41 -0.0824037 -1.68644 -0.330972 -3.35039 -0.0530141 0.969341
41 -0.0915398 -1.72824 -0.482875 -3.67575 -0.182578 1.08089
41 -0.283886 -1.81357 -0.280383 -3.85003 -0.103131 0.88587
41 -0.55839 -2.00618 -0.383534 -3.813 -0.17982 1.05807
41 -0.793645 -2.00841 -0.45064 -3.83069 -0.4642 1.19577
41 -0.990295 -2.04923 -0.502339 -3.93225 -0.772997 1.30217
41 -1.08333 -2.38962 -0.555169 -3.93302 -0.843833 1.46852
41 -0.952855 -2.37556 -0.713905 -3.96958 -0.973106 1.78401
41 -0.800726 -2.31583 -0.790083 -4.08933 -1.30213 1.85395
41 -0.695174 -2.35123 -1.0357 -4.15619 -1.4148 2.11873
41 -0.842337 -2.31799 -1.10501 -4.43098 -1.5708 2.29926
42 2.26097 -2.2029 -1.3037 -4.34737 -1.5708 -0.880619
42 1.97761 -2.21146 -1.27636 -4.32945 -1.54856 -0.60121
42 1.82235 -2.00862 -1.06936 -4.24129 -1.35167 -0.674432
42 1.54454 -2.02768 -1.05805 -4.19483 -1.34899 -0.391294
42 1.41767 -1.90718 -0.965876 -3.93242 -1.20851 -0.570998
42 1.47654 -1.99244 -0.978826 -3.66667 -1.4061 -0.769572
42 1.36834 -2.03808 -0.991574 -3.72875 -1.38224 -0.641759
42 1.13604 -2.13606 -1.01894 -3.86205 -1.33102 -0.367356
42 0.903747 -2.23404 -1.04631 -3.99535 -1.27979 -0.0929528
42 1.0247 -2.09394 -1.04904 -4.21396 -1.34356 0.178855
42 0.75239 -2.12307 -1.0421 -4.20463 -1.34079 0.470157
42 0.480081 -2.1522 -1.03517 -4.1953 -1.33802 0.761459
42 0.207773 -2.18133 -1.02823 -4.18597 -1.33525 1.05276
42 -0.0645357 -2.21046 -1.02129 -4.17665 -1.33248 1.34406
42 -0.336844 -2.23958 -1.01436 -4.16732 -1.32971 1.63536
42 -0.609153 -2.26871 -1.00742 -4.15799 -1.32694 1.92667
42 -0.881461 -2.29784 -1.00049 -4.14866 -1.32417 2.21797
42 -0.842337 -2.31799 -1.10501 -4.43098 -1.5708 2.29926
43 2.26097 -2.2029 -1.3037 -4.34737 -1.5708 -0.880619
43 1.9395 -2.04671 -1.2245 -4.21312 -1.54518 -0.795119
43 1.66778 -2.03051 -1.22094 -4.181 -1.49922 -0.507465
43 1.43489 -2.00314 -1.07534 -4.10463 -1.48817 -0.228426
43 1.27983 -1.80804 -0.7741 -4.10171 -1.50423 -0.311371
43 0.978439 -1.765 -0.927135 -3.90536 -1.44866 -0.26391
43 0.691212 -1.71627 -0.993856 -3.69103 -1.52677 -0.400416
43 0.71966 -1.73461 -1.01462 -3.72307 -1.51311 -0.393866
43 0.933459 -1.8724 -1.17064 -3.96389 -1.41042 -0.344641
43 1.14726 -2.0102 -1.32666 -4.2047 -1.30774 -0.295416
43 1.28868 -2.11017 -1.19654 -4.26409 -1.55117 -0.0711748
43 1.0223 -2.13615 -1.1851 -4.28495 -1.55363 0.22513
43 0.755926 -2.16213 -1.17366 -4.30581 -1.55608 0.521434
43 0.489549 -2.18811 -1.16222 -4.32667 -1.55853 0.817738
43 0.223172 -2.21408 -1.15078 -4.34753 -1.56099 1.11404
43 -0.0432055 -2.24006 -1.13933 -4.3684 -1.56344 1.41035
43 -0.309583 -2.26604 -1.12789 -4.38926 -1.56589 1.70665
43 -0.57596 -2.29201 -1.11645 -4.41012 -1.56835 2.00296
43 -0.842337 -2.31799 -1.10501 -4.43098 -1.5708 2.29926
44 2.26097 -2.2029 -1.3037 -4.34737 -1.5708 -0.880619
44 1.98858 -2.21215 -1.26965 -4.32518 -1.56561 -0.590725
44 2.05782 -2.18823 -1.21999 -4.35973 -1.21075 -0.432476
44 1.93013 -2.0785 -1.10077 -4.20673 -1.00289 -0.207022
44 1.64097 -2.04682 -1.09728 -3.98817 -0.942996 -0.0520541
44 1.77001 -1.87397 -0.900947 -3.71737 -0.905324 -0.0652651
44 1.44074 -1.89174 -0.896842 -3.52233 -0.847215 0.0339081
44 1.11148 -1.9095 -0.892737 -3.32729 -0.789107 0.133081
44 0.782209 -1.92727 -0.888633 -3.13226 -0.730999 0.232255
44 0.452943 -1.94503 -0.884528 -2.93722 -0.67289 0.331428
44 0.397472 -1.94803 -0.883836 -2.90436 -0.663101 0.348136
44 0.533814 -1.92549 -1.08392 -3.15135 -0.713678 0.541295
44 0.48433 -1.94849 -1.00827 -3.4266 -0.880744 0.759526
44 0.430015 -2.03907 -1.01408 -3.73942 -1.10079 0.709162
44 0.535294 -2.1905 -1.11395 -3.93691 -1.27424 0.92578
44 0.435524 -2.256 -1.05154 -4.21053 -1.38956 1.1575
44 0.152235 -2.26783 -1.02212 -4.18447 -1.42078 1.43515
44 -0.131055 -2.27967 -0.992706 -4.15842 -1.452 1.7128
44 -0.414345 -2.2915 -0.963291 -4.13236 -1.48323 1.99044
44 -0.697634 -2.30334 -0.933875 -4.10631 -1.51445 2.26809
44 -0.842337 -2.31799 -1.10501 -4.43098 -1.5708 2.29926
45 2.26097 -2.2029 -1.3037 -4.34737 -1.5708 -0.880619
45 1.97229 -2.21326 -1.2855 -4.32281 -1.5753 -0.605663
45 1.82451 -2.03416 -0.988342 -4.28621 -1.45559 -0.651629
45 1.57036 -2.01122 -0.972175 -4.11616 -1.34259 -0.421548
45 1.41705 -1.96124 -0.977908 -3.83322 -1.1303 -0.327531
45 1.23047 -1.95898 -0.959785 -3.78121 -1.10555 -0.14053
45 0.955057 -1.95566 -0.933035 -3.70445 -1.06902 0.135503
45 0.782876 -1.99162 -0.920681 -3.88142 -1.36118 0.2461
45 0.493288 -1.97979 -0.90187 -3.76888 -1.33493 0.495682
45 0.2037 -1.96796 -0.883059 -3.65634 -1.30869 0.745263
45 -0.0858885 -1.95613 -0.864248 -3.5438 -1.28244 0.994844
45 -0.375477 -1.9443 -0.845437 -3.43126 -1.25619 1.24443
45 -0.665065 -1.93247 -0.826627 -3.31872 -1.22995 1.49401
45 -0.730519 -2.12437 -1.07655 -3.37815 -1.1561 1.71183
45 -0.824332 -2.16641 -0.967233 -3.67962 -1.25132 1.90556
45 -0.808965 -2.22566 -0.911513 -3.8069 -1.5007 2.17897
45 -0.983928 -2.31936 -1.09912 -4.07127 -1.62137 2.20999
45 -0.842337 -2.31799 -1.10501 -4.43098 -1.5708 2.29926
46 2.26097 -2.2029 -1.3037 -4.34737 -1.5708 -0.880619
46 2.32534 -2.03109 -1.32259 -3.99732 -1.51491 -0.862683
46 2.33925 -1.86319 -1.46766 -3.76358 -1.6305 -0.656347
46 2.15819 -1.75525 -1.50104 -3.69933 -1.56226 -0.331278
46 1.77219 -1.65988 -1.48731 -3.68071 -1.52657 -0.321482
46 1.52687 -1.63875 -1.44383 -3.48085 -1.36268 -0.14634
46 1.28154 -1.61762 -1.40035 -3.28099 -1.19878 0.0288023
46 1.03622 -1.59649 -1.35687 -3.08113 -1.03489 0.203944
46 0.790899 -1.57536 -1.3134 -2.88127 -0.870996 0.379086
46 0.545577 -1.55423 -1.26992 -2.68141 -0.707103 0.554228
46 0.300254 -1.5331 -1.22644 -2.48155 -0.54321 0.72937
46 0.0549313 -1.51197 -1.18296 -2.28169 -0.379317 0.904512
46 -0.190391 -1.49084 -1.13948 -2.08183 -0.215423 1.07965
46 -0.435714 -1.46971 -1.09601 -1.88197 -0.0515303 1.2548
46 -0.681037 -1.44858 -1.05253 -1.68211 0.112363 1.42994
46 -0.926359 -1.42745 -1.00905 -1.48225 0.276256 1.60508
46 -1.03255 -1.4183 -0.99023 -1.39573 0.347199 1.68089
46 -1.11792 -1.52154 -0.958926 -1.5224 0.0235066 1.53857
46 -0.824784 -1.64035 -0.803503 -1.58215 0.0425452 1.36007
46 -0.833944 -1.68213 -0.695727 -1.8294 -0.249183 1.37787
46 -0.578584 -1.64615 -0.69301 -1.95062 -0.381464 1.13029
46 -0.515921 -1.78812 -0.629435 -2.23397 -0.446232 0.912587
46 -0.258842 -1.73156 -0.5272 -2.27538 -0.718285 0.845267
46 -0.0557014 -1.83346 -0.329051 -2.37153 -0.881066 0.66266
46 0.0178339 -2.0117 -0.505912 -2.5533 -0.99476 0.876144
46 -0.121714 -2.07155 -0.611886 -2.87965 -1.04135 0.74561
46 -0.0181615 -2.14463 -0.565443 -3.17008 -0.985073 0.978553
46 0.160724 -2.10982 -0.745689 -3.42965 -1.03489 1.13489
46 0.186955 -2.21404 -0.943301 -3.62884 -1.28532 1.05117
46 0.130568 -2.21763 -1.13099 -3.94806 -1.42306 1.07769
46 0.281098 -2.21624 -1.18218 -4.27718 -1.55098 1.17786
46 0.000239174 -2.24168 -1.16289 -4.31563 -1.55593 1.45821
46 -0.28062 -2.26711 -1.14359 -4.35408 -1.56089 1.73856
46 -0.561478 -2.29255 -1.1243 -4.39253 -1.56584 2.01891
46 -0.842337 -2.31799 -1.10501 -4.43098 -1.5708 2.29926
47 2.26097 -2.2029 -1.3037 -4.34737 -1.5708 -0.880619
47 1.99579 -2.14194 -1.14677 -4.34142 -1.61903 -0.637776
47 1.72321 -2.0954 -1.20713 -4.08376 -1.50725 -0.606073
47 1.5614 -2.0354 -1.16504 -3.82211 -1.28313 -0.507291
47 1.51846 -1.95045 -1.08388 -3.89854 -1.11944 -0.173051
47 1.16593 -1.90308 -0.975762 -3.83558 -0.985947 -0.175162
47 0.813398 -1.8557 -0.867648 -3.77263 -0.852451 -0.177274
47 0.460867 -1.80833 -0.759533 -3.70968 -0.718956 -0.179385
47 0.108336 -1.76096 -0.651419 -3.64672 -0.58546 -0.181496
47 -0.244196 -1.71359 -0.543304 -3.58377 -0.451964 -0.183608
47 -0.306014 -1.70528 -0.524346 -3.57273 -0.428555 -0.183978
47 -0.047912 -1.76304 -0.520009 -3.47711 -0.664988 -0.0259114
47 0.179146 -1.84323 -0.673242 -3.57801 -0.849183 0.159626
47 0.381704 -1.92037 -0.596119 -3.67982 -1.0839 0.363622
47 0.672326 -2.08357 -0.789112 -3.60322 -1.14884 0.403298
47 0.576348 -2.1408 -0.969198 -3.9185 -1.21345 0.296007
47 0.767258 -2.21081 -1.06572 -4.19416 -1.27122 0.469239
47 0.823259 -2.21467 -1.12952 -4.37842 -1.59911 0.575615
47 0.54566 -2.23189 -1.12543 -4.38718 -1.59439 0.862889
47 0.26806 -2.24911 -1.12135 -4.39594 -1.58967 1.15016
47 -0.00953898 -2.26633 -1.11726 -4.4047 -1.58495 1.43744
47 -0.287138 -2.28355 -1.11318 -4.41346 -1.58024 1.72471
47 -0.564738 -2.30077 -1.10909 -4.42222 -1.57552 2.01199
47 -0.842337 -2.31799 -1.10501 -4.43098 -1.5708 2.29926
48 2.26097 -2.2029 -1.3037 -4.34737 -1.5708 -0.880619
48 2.21209 -2.04648 -1.18745 -4.13367 -1.64931 -0.620233
48 1.91001 -2.04636 -1.16877 -4.14665 -1.62491 -0.360174
48 1.64069 -1.91225 -1.22367 -3.92417 -1.51994 -0.437334
48 1.34694 -1.92506 -1.18524 -3.93908 -1.47366 -0.17331
48 1.2779 -1.90314 -0.877241 -3.71919 -1.57592 -0.206089
48 0.974099 -1.95716 -0.732233 -3.71784 -1.46077 -0.380729
48 0.873791 -1.99613 -0.793108 -3.80845 -1.48181 -0.142586
48 0.73251 -2.05102 -0.87885 -3.93607 -1.51146 0.192837
48 0.591228 -2.10591 -0.964592 -4.0637 -1.5411 0.528261
48 0.449946 -2.16079 -1.05033 -4.19132 -1.57074 0.863684
48 0.308664 -2.21568 -1.13608 -4.31895 -1.60038 1.19911
48 0.020914 -2.24126 -1.12831 -4.34695 -1.59299 1.47415
48 -0.266836 -2.26683 -1.12054 -4.37496 -1.58559 1.74918
48 -0.554587 -2.29241 -1.11278 -4.40297 -1.5782 2.02422
48 -0.842337 -2.31799 -1.10501 -4.43098 -1.5708 2.29926
49 2.26097 -2.2029 -1.3037 -4.34737 -1.5708 -0.880619
49 2.25817 -1.86972 -1.45328 -4.27275 -1.71489 -0.863917
49 2.0632 -1.7556 -1.39784 -3.96256 -1.8078 -0.831666
49 2.03146 -1.76758 -1.36134 -3.93624 -1.77783 -0.800598
49 1.85264 -1.83509 -1.15565 -3.78791 -1.60895 -0.625557
49 1.67382 -1.90259 -0.949961 -3.63958 -1.44008 -0.450517
49 1.46418 -1.91438 -0.769396 -3.41244 -1.34149 -0.30221
49 1.25455 -1.92618 -0.588832 -3.18529 -1.24291 -0.153904
49 1.04491 -1.93797 -0.408267 -2.95814 -1.14432 -0.00559706
49 0.835275 -1.94976 -0.227702 -2.73099 -1.04573 0.142709
49 0.62564 -1.96155 -0.0471378 -2.50385 -0.947146 0.291016
49 0.416004 -1.97335 0.133427 -2.2767 -0.848558 0.439322
49 0.321191 -1.94839 -0.0722473 -2.22952 -0.825825 0.763888
49 0.234462 -2.02655 -0.22519 -2.40561 -0.960988 1.03536
49 0.249856 -1.83803 -0.328024 -2.53123 -0.945865 1.34784
49 0.115519 -1.82262 -0.61249 -2.64668 -0.729494 1.37333
49 -0.114383 -1.75005 -0.559977 -2.9406 -0.720656 1.48581
49 -0.280461 -1.79299 -0.760982 -3.0671 -0.889652 1.69937
49 -0.287192 -1.90332 -0.774028 -3.25379 -1.11129 1.95163
49 -0.394135 -1.95408 -0.716673 -3.52711 -1.36303 1.88365
49 -0.58019 -2.07213 -0.932404 -3.74556 -1.23891 1.92583
49 -0.716159 -2.27271 -1.09777 -3.9422 -1.39423 2.0314
49 -0.87334 -2.35124 -0.979752 -4.2098 -1.59985 1.99516
49 -0.842337 -2.31799 -1.10501 -4.43098 -1.5708 2.29926
50 2.26097 -2.2029 -1.3037 -4.34737 -1.5708 -0.880619
50 1.97422 -2.2215 -1.25828 -4.34124 -1.57951 -0.606297
50 1.83115 -2.07662 -1.19217 -4.23606 -1.25935 -0.581602
50 1.58282 -2.07457 -1.11008 -4.16405 -1.22863 -0.289274
50 1.38952 -2.11852 -0.897666 -4.11809 -1.24859 -0.0189447
50 1.26178 -2.13487 -0.640641 -4.09304 -1.33203 0.245181
50 1.13404 -2.15121 -0.383617 -4.06799 -1.41548 0.509307
50 1.01993 -2.16582 -0.154033 -4.04561 -1.49001 0.745234
50 0.973701 -2.21307 -0.440717 -4.01922 -1.29154 0.562603
50 0.742411 -2.09508 -0.736731 -4.03713 -1.22344 0.563848
50 0.479607 -2.09954 -0.626796 -3.98911 -1.21477 0.84034
50 0.216803 -2.10399 -0.516862 -3.9411 -1.2061 1.11683
50 -0.0460016 -2.10845 -0.406927 -3.89308 -1.19743 1.39332
50 -0.308806 -2.1129 -0.296993 -3.84506 -1.18876 1.66982
50 -0.567208 -2.21247 -0.485723 -4.02222 -1.31611 1.66025
50 -0.859664 -2.21067 -0.68335 -3.98998 -1.44006 1.79811
50 -0.918862 -2.42194 -0.559556 -4.04774 -1.46065 2.1027
50 -0.944187 -2.41077 -0.79601 -4.27883 -1.66813 2.18562
50 -0.842337 -2.31799 -1.10501 -4.43098 -1.5708 2.29926
51 2.26097 -2.2029 -1.3037 -4.34737 -1.5708 -0.880619
51 2.13665 -2.0778 -1.37936 -4.04949 -1.48851 -0.714285
51 1.98375 -1.94671 -1.28319 -4.01237 -1.22148 -0.907947
51 1.81127 -1.83538 -1.11902 -3.73513 -1.16326 -0.804724
51 1.57558 -1.86033 -1.10523 -3.79535 -1.19873 -0.588748
51 1.28857 -1.89072 -1.08843 -3.86867 -1.24193 -0.325737
51 1.00155 -1.9211 -1.07163 -3.942 -1.28513 -0.0627269
51 0.703154 -1.91332 -1.00736 -3.92062 -1.30446 0.194055
51 0.678217 -1.98349 -1.30461 -4.10006 -1.40836 0.346043
51 0.831659 -2.18302 -1.25918 -4.21661 -1.52456 0.605844
51 0.55266 -2.20551 -1.23348 -4.25234 -1.53227 0.88808
51 0.27366 -2.22801 -1.20779 -4.28807 -1.53997 1.17032
51 -0.00533893 -2.2505 -1.18209 -4.32379 -1.54768 1.45255
51 -0.284338 -2.273 -1.1564 -4.35952 -1.55539 1.73479
51 -0.563338 -2.29549 -1.1307 -4.39525 -1.56309 2.01702
51 -0.842337 -2.31799 -1.10501 -4.43098 -1.5708 2.29926
52 2.26097 -2.2029 -1.3037 -4.34737 -1.5708 -0.880619
52 1.96741 -2.20831 -1.28733 -4.33366 -1.55254 -0.610428
52 1.80755 -2.07787 -1.11529 -4.22779 -1.29128 -0.518939
52 1.55759 -2.09924 -0.915894 -4.09648 -1.30655 -0.319367
52 1.30153 -2.03187 -0.737258 -3.8707 -1.36985 -0.264606
52 1.29317 -2.03644 -0.72948 -3.87025 -1.36831 -0.251457
52 1.10817 -2.13765 -0.557368 -3.86038 -1.33403 0.039467
52 1.06341 -2.12235 -0.705032 -4.02183 -1.18672 0.33644
52 0.821104 -2.13684 -0.571444 -3.95477 -1.15268 0.614965
52 0.578799 -2.15132 -0.437856 -3.8877 -1.11864 0.89349
52 0.336494 -2.16581 -0.304268 -3.82064 -1.08459 1.17202
52 0.0941893 -2.18029 -0.170679 -3.75358 -1.05055 1.45054
52 -0.198968 -2.34007 -0.309308 -3.65101 -0.987785 1.57241
52 -0.423089 -2.3354 -0.469793 -3.7162 -1.13287 1.81468
52 -0.659397 -2.26317 -0.559327 -3.70939 -1.0748 2.11049
52 -1.00188 -2.3426 -0.672024 -3.81712 -1.06876 2.0007
52 -0.850662 -2.29645 -1.01389 -3.93795 -1.12484 1.98098
52 -0.949895 -2.26203 -1.12462 -4.19738 -1.37108 2.07463
52 -0.842337 -2.31799 -1.10501 -4.43098 -1.5708 2.29926
53 2.26097 -2.2029 -1.3037 -4.34737 -1.5708 -0.880619
53 1.96604 -2.20432 -1.27411 -4.33383 -1.5706 -0.612372
53 1.97105 -2.11971 -1.0404 -4.35078 -1.31865 -0.426812
53 1.86874 -2.09306 -1.09768 -4.01532 -1.15702 -0.34385
53 1.94078 -1.97501 -1.04374 -3.81745 -0.87739 -0.487454
53 1.73141 -1.91689 -0.994177 -3.62669 -0.635847 -0.61234
53 1.43139 -1.93769 -0.930556 -3.56326 -0.712145 -0.417138
53 1.11342 -1.95974 -0.863129 -3.49602 -0.79301 -0.210254
53 0.795444 -1.98179 -0.795701 -3.42878 -0.873874 -0.00337016
53 0.477472 -2.00383 -0.728273 -3.36155 -0.954739 0.203514
53 0.159499 -2.02588 -0.660845 -3.29431 -1.0356 0.410398
53 0.122488 -2.03506 -0.859334 -3.47163 -1.05218 0.706084
53 0.0898111 -2.06664 -1.00464 -3.77155 -1.26639 0.737396
53 0.103102 -2.01656 -1.15429 -4.0965 -1.43418 0.771737
53 0.279576 -2.17704 -1.00684 -4.2634 -1.46393 1.00113
53 -0.0250436 -2.18736 -1.00079 -4.24766 -1.49009 1.25829
53 -0.329663 -2.19768 -0.994746 -4.23192 -1.51625 1.51545
53 -0.634283 -2.20801 -0.988701 -4.21619 -1.54242 1.77261
53 -0.938903 -2.21833 -0.982656 -4.20045 -1.56858 2.02977
53 -0.842337 -2.31799 -1.10501 -4.43098 -1.5708 2.29926
54 2.26097 -2.2029 -1.3037 -4.34737 -1.5708 -0.880619
54 1.96623 -2.21376 -1.26701 -4.35274 -1.55727 -0.61331
54 1.78992 -2.08425 -1.10555 -4.35047 -1.30762 -0.459215
54 1.51791 -2.13959 -0.900199 -4.2427 -1.26152 -0.294783
54 1.47474 -1.99247 -0.739111 -4.22646 -1.14894 0.0176364
54 1.10515 -2.02248 -0.672411 -4.1674 -1.12828 0.136534
54 0.735554 -2.05248 -0.605712 -4.10834 -1.10762 0.255431
54 0.365961 -2.08248 -0.539012 -4.04927 -1.08697 0.374328
54 -0.00363265 -2.11249 -0.472312 -3.99021 -1.06631 0.493226
54 -0.243292 -2.13194 -0.429062 -3.95192 -1.05291 0.570324
54 -0.0933269 -2.22806 -0.554332 -4.09846 -1.35381 0.546512
54 0.0567044 -2.29611 -0.870525 -4.24821 -1.35928 0.648627
54 0.276302 -2.21647 -0.995539 -4.38113 -1.3739 0.916814
54 -0.0184456 -2.24222 -0.974116 -4.3871 -1.38681 1.18477
54 -0.313193 -2.26797 -0.952693 -4.39307 -1.39971 1.45272
54 -0.60794 -2.29371 -0.93127 -4.39904 -1.41262 1.72068
54 -0.902687 -2.31946 -0.909847 -4.40501 -1.42553 1.98863
54 -0.842337 -2.31799 -1.10501 -4.43098 -1.5708 2.29926
55 2.26097 -2.2029 -1.3037 -4.34737 -1.5708 -0.880619
55 2.47785 -1.94447 -1.26112 -4.13706 -1.58198 -0.883236
55 2.44877 -1.83576 -1.22477 -3.82055 -1.37794 -0.818424
55 2.48214 -1.75137 -1.25173 -3.58096 -1.07294 -0.793717
55 2.46098 -1.71823 -1.30532 -3.51597 -0.785939 -0.531058
55 2.54731 -1.62423 -1.01556 -3.5125 -0.609522 -0.361892
55 2.35104 -1.67209 -0.851732 -3.26716 -0.645844 -0.186278
55 1.97742 -1.73991 -0.831074 -3.18222 -0.671821 -0.0997436
55 1.60379 -1.80774 -0.810416 -3.09728 -0.697798 -0.0132097
55 1.23017 -1.87557 -0.789758 -3.01234 -0.723775 0.0733242
55 0.856546 -1.9434 -0.769099 -2.9274 -0.749753 0.159858
55 0.482923 -2.01123 -0.748441 -2.84246 -0.77573 0.246392
55 0.109299 -2.07906 -0.727783 -2.75752 -0.801707 0.332926
55 -0.135702 -2.12354 -0.714237 -2.70182 -0.818741 0.38967
55 -0.0145172 -2.1444 -0.859889 -2.9085 -1.04363 0.563936
55 0.202035 -2.15304 -0.740402 -3.20592 -1.13235 0.613191
55 0.268676 -2.11235 -0.945208 -3.40775 -0.997768 0.84365
55 0.477312 -2.1103 -0.953085 -3.72865 -1.09586 0.905337
55 0.380474 -2.23515 -1.12788 -3.94301 -1.27907 0.747337
55 0.385079 -2.17865 -1.18595 -4.14165 -1.52596 0.97756
55 0.0873598 -2.21196 -1.17525 -4.14231 -1.51799 1.24228
55 -0.210359 -2.24527 -1.16456 -4.14296 -1.51002 1.507
55 -0.508078 -2.27859 -1.15387 -4.14361 -1.50204 1.77171
55 -0.805796 -2.3119 -1.14317 -4.14427 -1.49407 2.03643
55 -0.842337 -2.31799 -1.10501 -4.43098 -1.5708 2.29926
56 2.26097 -2.2029 -1.3037 -4.34737 -1.5708 -0.880619
56 2.05121 -2.0532 -1.06083 -4.26237 -1.55834 -0.715615
56 1.77849 -2.06212 -1.08174 -4.22843 -1.53281 -0.426992
56 1.4802 -2.08293 -1.02326 -4.06947 -1.61973 -0.241666
56 1.30926 -1.97196 -1.03932 -3.84698 -1.43147 -0.0592949
56 1.33037 -1.98061 -0.775981 -3.61878 -1.26987 0.0499829
56 0.967243 -1.9653 -0.805634 -3.52363 -1.16177 0.129241
56 0.604112 -1.94999 -0.835286 -3.42847 -1.05367 0.208499
56 0.240981 -1.93468 -0.864939 -3.33332 -0.945564 0.287757
56 -0.12215 -1.91937 -0.894592 -3.23816 -0.837463 0.367014
56 -0.485281 -1.90406 -0.924244 -3.14301 -0.729362 0.446272
56 -0.754726 -1.8927 -0.946247 -3.0724 -0.649151 0.505082
56 -0.610847 -2.01839 -1.06096 -3.29717 -0.829743 0.340147
56 -0.493262 -1.97106 -1.11456 -3.57559 -1.07436 0.279242
56 -0.222093 -2.07582 -1.02282 -3.79748 -1.18297 0.356997
56 -0.14704 -1.97918 -1.18172 -3.84609 -1.40236 0.620206
56 0.0520396 -2.10487 -1.18996 -3.81413 -1.32323 0.932004
56 0.271494 -2.11138 -1.19729 -4.04086 -1.39176 1.16789
56 0.26239 -2.2169 -1.08814 -4.36661 -1.56604 1.14821
56 -0.013792 -2.24217 -1.09236 -4.3827 -1.56723 1.43598
56 -0.289974 -2.26744 -1.09658 -4.39879 -1.56842 1.72374
56 -0.566155 -2.29272 -1.10079 -4.41489 -1.56961 2.0115
56 -0.842337 -2.31799 -1.10501 -4.43098 -1.5708 2.29926
57 2.26097 -2.2029 -1.3037 -4.34737 -1.5708 -0.880619
57 1.98883 -2.20343 -1.26888 -4.34484 -1.54666 -0.590553
57 2.05687 -1.89474 -1.35642 -4.2604 -1.34513 -0.522221
57 2.06079 -1.76434 -1.43046 -3.9398 -1.1711 -0.455698
57 1.70507 -1.80283 -1.36309 -3.95503 -1.13144 -0.295568
57 1.78814 -1.74086 -1.14227 -3.72143 -1.03265 -0.105387
57 1.39778 -1.75752 -1.18674 -3.71199 -1.01417 -0.0351894
57 1.00741 -1.77418 -1.23121 -3.70255 -0.995682 0.0350086
57 0.661582 -1.78894 -1.27061 -3.69419 -0.979307 0.0971972
57 0.551635 -1.92764 -1.14461 -4.00443 -1.00284 0.22367
57 0.789741 -1.9914 -1.05232 -4.25298 -1.15747 0.294633
57 1.01023 -2.0157 -1.19213 -4.28344 -1.33229 0.539084
57 0.732 -2.04786 -1.14846 -4.28956 -1.32888 0.821214
57 0.453769 -2.08001 -1.10479 -4.29568 -1.32547 1.10334
57 0.175537 -2.11217 -1.06112 -4.3018 -1.32205 1.38547
57 -0.102694 -2.14432 -1.01745 -4.30793 -1.31864 1.6676
57 -0.380925 -2.17648 -0.973773 -4.31405 -1.31523 1.94973
57 -0.659157 -2.20863 -0.930101 -4.32017 -1.31182 2.23186
57 -0.842337 -2.31799 -1.10501 -4.43098 -1.5708 2.29926
58 2.26097 -2.2029 -1.3037 -4.34737 -1.5708 -0.880619
58 2.31025 -2.1341 -1.15266 -4.14164 -1.32909 -0.709522
58 2.03098 -2.15058 -1.13045 -4.15372 -1.3209 -0.424869
58 1.91093 -1.92702 -1.19832 -3.87242 -1.24278 -0.500855
58 1.77306 -1.97537 -1.0096 -3.57157 -1.23449 -0.612498
58 1.81082 -1.95647 -0.748233 -3.47535 -0.981557 -0.741607
58 1.64123 -2.01288 -0.755083 -3.44602 -1.00325 -0.54383
58 1.38919 -2.09671 -0.765263 -3.40243 -1.03548 -0.249887
58 1.13714 -2.18054 -0.775444 -3.35884 -1.06771 0.0440553
58 1.05538 -2.14981 -0.920266 -3.63981 -1.29275 0.0865833
58 0.775258 -2.2179 -0.885396 -3.66645 -1.31549 0.359446
58 0.740821 -2.19192 -1.05936 -4.00163 -1.30702 0.483785
58 0.441737 -2.25963 -1.02384 -4.03465 -1.32344 0.735464
58 0.597749 -2.23399 -1.12678 -4.29881 -1.46039 0.924864
58 0.309732 -2.25079 -1.12242 -4.32524 -1.48247 1.19974
58 0.0217145 -2.26759 -1.11807 -4.35168 -1.50455 1.47462
58 -0.266303 -2.28439 -1.11372 -4.37811 -1.52663 1.7495
58 -0.55432 -2.30119 -1.10936 -4.40455 -1.54872 2.02438
58 -0.842337 -2.31799 -1.10501 -4.43098 -1.5708 2.29926
59 2.26097 -2.2029 -1.3037 -4.34737 -1.5708 -0.880619
59 1.97173 -2.21315 -1.28592 -4.3463 -1.54852 -0.605989
59 1.80881 -2.05718 -1.20972 -4.13318 -1.4202 -0.809543
59 1.57242 -1.91607 -1.15806 -4.05729 -1.36446 -0.539957
59 1.33603 -1.77497 -1.10641 -3.9814 -1.30873 -0.270372
59 1.14919 -1.66344 -1.06558 -3.92142 -1.26467 -0.0572896
59 0.977653 -1.99255 -1.08484 -3.95633 -1.32321 -0.18863
59 0.665838 -1.9683 -1.03799 -3.88998 -1.28682 0.0443125
59 0.354022 -1.94406 -0.99114 -3.82363 -1.25043 0.277255
59 0.0422065 -1.91981 -0.94429 -3.75728 -1.21404 0.510197
59 -0.269609 -1.89557 -0.89744 -3.69093 -1.17765 0.743139
59 -0.581425 -1.87132 -0.85059 -3.62458 -1.14127 0.976081
59 -0.611642 -1.96296 -0.880884 -3.79556 -1.27856 1.29497
59 -0.770056 -2.14748 -1.04846 -3.82056 -1.16865 1.54006
59 -0.869864 -2.20662 -1.12805 -4.05278 -1.36703 1.75668
59 -0.770239 -2.31037 -1.11742 -4.33619 -1.33726 1.99749
59 -0.842337 -2.31799 -1.10501 -4.43098 -1.5708 2.29926
