0 1.77843 -2.12079 -1.49595 -4.23724 -1.5708 -1.36316
0 1.93856 -2.03646 -1.20847 -4.20908 -1.64455 -1.55905
0 1.84377 -2.03912 -1.20804 -4.20358 -1.64109 -1.42826
0 1.60926 -2.04569 -1.20698 -4.18997 -1.63253 -1.10468
0 1.37476 -2.05226 -1.20591 -4.17637 -1.62397 -0.781099
0 1.14025 -2.05882 -1.20485 -4.16277 -1.6154 -0.457519
0 0.905746 -2.06539 -1.20378 -4.14916 -1.60684 -0.133938
0 0.67124 -2.07196 -1.20272 -4.13556 -1.59828 0.189642
0 0.436734 -2.07853 -1.20165 -4.12195 -1.58972 0.513223
0 0.202228 -2.0851 -1.20059 -4.10835 -1.58115 0.836803
0 -0.0322782 -2.09167 -1.19952 -4.09474 -1.57259 1.16038
0 -0.266784 -2.09823 -1.19846 -4.08114 -1.56403 1.48396
0 -0.50129 -2.1048 -1.1974 -4.06754 -1.55546 1.80754
0 -0.735796 -2.11137 -1.19633 -4.05393 -1.5469 2.13112
0 -0.782077 -2.26163 -1.25775 -4.3346 -1.5708 2.35952
1 1.77843 -2.12079 -1.49595 -4.23724 -1.5708 -1.36316
1 1.56331 -2.12211 -1.47974 -4.23555 -1.54784 -1.02711
1 1.34819 -2.12344 -1.46353 -4.23387 -1.52489 -0.691061
1 1.17632 -2.00485 -1.31401 -3.99154 -1.39626 -0.554056
1 1.13112 -2.01194 -1.29969 -3.9917 -1.39389 -0.47721
1 0.931569 -2.04326 -1.23649 -3.99245 -1.38343 -0.137953
1 0.732019 -2.07457 -1.17329 -3.9932 -1.37297 0.201304
1 0.532469 -2.10588 -1.1101 -3.99394 -1.36251 0.54056
1 0.332919 -2.1372 -1.0469 -3.99469 -1.35205 0.879817
1 0.133369 -2.16851 -0.983697 -3.99543 -1.34159 1.21907
1 -0.0661808 -2.19983 -0.920497 -3.99618 -1.33113 1.55833
1 -0.265731 -2.23114 -0.857298 -3.99693 -1.32066 1.89759
1 -0.316204 -2.1972 -1.13818 -3.97688 -1.2694 2.17031
1 -0.544578 -2.13508 -1.32091 -4.21901 -1.32294 2.26573
1 -0.782077 -2.26163 -1.25775 -4.3346 -1.5708 2.35952
2 1.77843 -2.12079 -1.49595 -4.23724 -1.5708 -1.36316
2 1.58348 -2.09824 -1.33111 -4.25494 -1.38852 -1.11663
2 1.29431 -2.0989 -1.30891 -4.23502 -1.34377 -0.845542
2 1.40245 -2.13746 -1.05595 -4.11435 -1.43525 -0.600786
2 1.08008 -2.06787 -1.13877 -3.99633 -1.33721 -0.456445
2 0.75771 -1.99829 -1.2216 -3.8783 -1.23916 -0.312103
2 0.616622 -1.96784 -1.25784 -3.82665 -1.19626 -0.24893
2 0.553466 -2.10061 -1.25201 -4.18398 -1.22914 -0.151029
2 0.79002 -2.15304 -1.30651 -4.28166 -1.44966 0.0493499
2 0.565435 -2.16856 -1.29954 -4.28922 -1.46697 0.379374
2 0.34085 -2.18407 -1.29258 -4.29678 -1.48427 0.709397
2 0.116264 -2.19958 -1.28561 -4.30435 -1.50158 1.03942
2 -0.108321 -2.21509 -1.27865 -4.31191 -1.51888 1.36944
2 -0.332906 -2.2306 -1.27168 -4.31947 -1.53619 1.69947
2 -0.557492 -2.24612 -1.26472 -4.32704 -1.55349 2.02949
2 -0.782077 -2.26163 -1.25775 -4.3346 -1.5708 2.35952
3 1.77843 -2.12079 -1.49595 -4.23724 -1.5708 -1.36316
3 1.54083 -2.11995 -1.46876 -4.2223 -1.55433 -1.0433
3 1.30324 -2.11911 -1.44157 -4.20735 -1.53785 -0.723433
3 1.09158 -1.92826 -1.31574 -4.04861 -1.46287 -0.544205
3 0.959233 -1.94045 -1.30736 -4.04997 -1.45771 -0.359002
3 0.727225 -1.96181 -1.29267 -4.05234 -1.44867 -0.0343292
3 0.495217 -1.98317 -1.27798 -4.05471 -1.43962 0.290344
3 0.263209 -2.00454 -1.26329 -4.05709 -1.43057 0.615017
3 0.0312014 -2.0259 -1.2486 -4.05946 -1.42153 0.939691
3 -0.200806 -2.04726 -1.23391 -4.06184 -1.41248 1.26436
3 -0.432814 -2.06862 -1.21921 -4.06421 -1.40343 1.58904
3 -0.664822 -2.08998 -1.20452 -4.06658 -1.39439 1.91371
3 -0.89683 -2.11134 -1.18983 -4.06896 -1.38534 2.23838
3 -0.782077 -2.26163 -1.25775 -4.3346 -1.5708 2.35952
4 1.77843 -2.12079 -1.49595 -4.23724 -1.5708 -1.36316
4 1.65835 -1.98987 -1.62559 -4.02439 -1.41071 -1.16143
4 1.39399 -1.94588 -1.55376 -4.01153 -1.42609 -0.873999
4 1.12962 -1.90189 -1.48194 -3.99868 -1.44146 -0.586572
4 0.865251 -1.8579 -1.41011 -3.98582 -1.45684 -0.299145
4 0.640326 -1.82048 -1.349 -3.97488 -1.46992 -0.054601
4 0.798779 -2.08559 -1.49603 -4.13365 -1.4671 0.0787279
4 0.572943 -2.11073 -1.46199 -4.16236 -1.48191 0.404555
4 0.347106 -2.13588 -1.42795 -4.19106 -1.49673 0.730382
4 0.12127 -2.16103 -1.39391 -4.21977 -1.51154 1.05621
4 -0.104567 -2.18618 -1.35987 -4.24848 -1.52635 1.38204
4 -0.330404 -2.21133 -1.32583 -4.27719 -1.54117 1.70786
4 -0.55624 -2.23648 -1.29179 -4.30589 -1.55598 2.03369
4 -0.782077 -2.26163 -1.25775 -4.3346 -1.5708 2.35952
5 1.77843 -2.12079 -1.49595 -4.23724 -1.5708 -1.36316
5 1.54795 -2.13928 -1.4506 -4.23468 -1.5498 -1.04062
5 1.7133 -1.93308 -1.35983 -4.22682 -1.27747 -0.953013
5 1.49941 -1.96267 -1.32397 -4.20675 -1.26511 -0.699964
5 1.24434 -1.99796 -1.2812 -4.1828 -1.25037 -0.398186
5 0.989259 -2.03325 -1.23843 -4.15885 -1.23562 -0.0964086
5 0.73418 -2.06854 -1.19566 -4.13491 -1.22088 0.205369
5 0.479102 -2.10383 -1.15289 -4.11096 -1.20613 0.507147
5 0.224024 -2.13912 -1.11013 -4.08702 -1.19139 0.808925
5 -0.0310538 -2.17441 -1.06736 -4.06307 -1.17665 1.1107
5 -0.286132 -2.2097 -1.02459 -4.03912 -1.1619 1.41248
5 -0.54121 -2.24499 -0.981822 -4.01518 -1.14716 1.71426
5 -0.796288 -2.28028 -0.939054 -3.99123 -1.13241 2.01604
5 -0.821528 -2.32936 -0.984453 -4.20833 -1.33393 2.27518
5 -0.782077 -2.26163 -1.25775 -4.3346 -1.5708 2.35952
6 1.77843 -2.12079 -1.49595 -4.23724 -1.5708 -1.36316
6 1.44527 -2.02299 -1.33223 -4.21544 -1.66633 -1.41822
6 1.23045 -2.04092 -1.29837 -4.22419 -1.63954 -1.08417
6 1.3645 -1.86203 -1.25306 -3.99417 -1.78842 -0.902806
6 1.123 -1.88767 -1.19392 -4.00715 -1.74496 -0.593828
6 0.881508 -1.91331 -1.13478 -4.02013 -1.7015 -0.284849
6 0.640012 -1.93895 -1.07564 -4.03312 -1.65805 0.0241298
6 0.398516 -1.96459 -1.01651 -4.0461 -1.61459 0.333108
6 0.15702 -1.99023 -0.957368 -4.05909 -1.57113 0.642087
6 -0.0844761 -2.01587 -0.89823 -4.07207 -1.52767 0.951066
6 -0.325972 -2.04151 -0.839092 -4.08505 -1.48421 1.26004
6 -0.567468 -2.06715 -0.779954 -4.09804 -1.44076 1.56902
6 -0.808964 -2.09279 -0.720816 -4.11102 -1.3973 1.878
6 -1.05046 -2.11843 -0.661678 -4.12401 -1.35384 2.18698
6 -1.06424 -2.11989 -0.658305 -4.12475 -1.35136 2.20461
6 -0.920065 -2.22043 -0.959404 -4.31181 -1.37128 2.2599
6 -0.782077 -2.26163 -1.25775 -4.3346 -1.5708 2.35952
7 1.77843 -2.12079 -1.49595 -4.23724 -1.5708 -1.36316
7 1.54818 -2.12515 -1.46739 -4.21975 -1.57102 -1.03782
7 1.31793 -2.12951 -1.43884 -4.20226 -1.57125 -0.712486
7 1.40689 -2.03938 -1.47042 -4.06048 -1.46487 -0.378499
7 1.1724 -1.89972 -1.42853 -3.93159 -1.20722 -0.35092
7 1.04358 -1.82299 -1.40551 -3.86079 -1.06567 -0.335769
7 0.905261 -2.00858 -1.38267 -3.98112 -1.36755 -0.31858
7 0.65573 -2.01526 -1.33073 -3.98083 -1.38429 -0.0108274
7 0.4062 -2.02194 -1.27879 -3.98055 -1.40104 0.296926
7 0.156669 -2.02861 -1.22685 -3.98026 -1.41778 0.604678
7 -0.092861 -2.03529 -1.17491 -3.97997 -1.43453 0.912431
7 -0.342391 -2.04196 -1.12298 -3.97969 -1.45127 1.22018
7 -0.591922 -2.04864 -1.07104 -3.9794 -1.46802 1.52794
7 -0.841452 -2.05532 -1.0191 -3.97911 -1.48476 1.83569
7 -0.687841 -2.1675 -1.19009 -4.04986 -1.57322 2.12161
7 -0.782077 -2.26163 -1.25775 -4.3346 -1.5708 2.35952
8 1.77843 -2.12079 -1.49595 -4.23724 -1.5708 -1.36316
8 1.56127 -2.12596 -1.47118 -4.22395 -1.5617 -1.02859
8 1.3441 -2.13114 -1.44641 -4.21065 -1.55261 -0.694015
8 1.5403 -2.09056 -1.4497 -4.19935 -1.58432 -0.349465
8 1.26356 -2.05121 -1.44574 -4.09647 -1.57781 -0.0825804
8 1.08117 -1.86225 -1.32195 -3.82778 -1.62531 -0.0472253
8 1.07598 -1.86536 -1.32312 -3.83064 -1.62427 -0.039406
8 0.876543 -1.98495 -1.36809 -3.94043 -1.58411 0.260986
8 0.677106 -2.10453 -1.41307 -4.05022 -1.54395 0.561378
8 0.404152 -2.10895 -1.40148 -4.00306 -1.53119 0.849399
8 0.131199 -2.11337 -1.3899 -3.9559 -1.51842 1.13742
8 -0.141755 -2.11779 -1.37831 -3.90874 -1.50566 1.42544
8 -0.414708 -2.1222 -1.36673 -3.86158 -1.49289 1.71346
8 -0.687661 -2.12662 -1.35514 -3.81443 -1.48013 2.00148
8 -0.535749 -2.17591 -1.23199 -4.09555 -1.47387 2.20213
8 -0.782077 -2.26163 -1.25775 -4.3346 -1.5708 2.35952
9 1.77843 -2.12079 -1.49595 -4.23724 -1.5708 -1.36316
9 1.5373 -2.13491 -1.53994 -4.23071 -1.32352 -1.16687
9 1.45077 -2.12219 -1.51351 -4.09417 -0.997498 -1.33033
9 1.27819 -1.87884 -1.53941 -4.10636 -0.785843 -1.48964
9 1.20596 -1.8759 -1.47205 -4.06507 -0.852416 -1.36357
9 1.04392 -1.8693 -1.32093 -3.97244 -1.00176 -1.08077
9 0.881881 -1.86271 -1.16981 -3.87981 -1.1511 -0.79796
9 0.844141 -1.90105 -1.48127 -3.99371 -1.2679 -0.614961
9 0.603041 -1.81316 -1.46845 -3.95378 -1.37536 -0.330641
9 0.672443 -2.08074 -1.34177 -3.99307 -1.22031 -0.125825
9 0.749377 -2.17796 -1.44408 -4.266 -1.40752 0.0310895
9 0.530598 -2.18991 -1.41746 -4.2758 -1.43085 0.363722
9 0.311818 -2.20186 -1.39084 -4.2856 -1.45417 0.696354
9 0.0930394 -2.21382 -1.36423 -4.2954 -1.4775 1.02899
9 -0.12574 -2.22577 -1.33761 -4.3052 -1.50082 1.36162
9 -0.344519 -2.23772 -1.31099 -4.315 -1.52415 1.69425
9 -0.563298 -2.24968 -1.28437 -4.3248 -1.54747 2.02688
9 -0.782077 -2.26163 -1.25775 -4.3346 -1.5708 2.35952
10 1.77843 -2.12079 -1.49595 -4.23724 -1.5708 -1.36316
10 1.69818 -2.08773 -1.45426 -4.12819 -1.24788 -1.17725
10 1.45548 -2.09561 -1.4373 -4.11216 -1.25622 -0.860362
10 1.33114 -2.03169 -1.10437 -3.99849 -1.14272 -0.798645
10 1.0538 -2.01955 -1.23701 -4.02058 -1.22718 -0.558384
10 0.776462 -2.00741 -1.36964 -4.04268 -1.31163 -0.318124
10 0.565944 -1.9982 -1.47031 -4.05945 -1.37574 -0.135748
10 0.81637 -2.14956 -1.38439 -4.20157 -1.36269 0.0801812
10 0.58802 -2.16557 -1.3663 -4.22058 -1.39242 0.4058
10 0.359671 -2.18158 -1.34821 -4.23958 -1.42215 0.73142
10 0.131321 -2.19759 -1.33012 -4.25858 -1.45188 1.05704
10 -0.0970283 -2.2136 -1.31203 -4.27759 -1.48161 1.38266
10 -0.325378 -2.22961 -1.29394 -4.29659 -1.51134 1.70828
10 -0.553727 -2.24562 -1.27585 -4.3156 -1.54107 2.0339
10 -0.782077 -2.26163 -1.25775 -4.3346 -1.5708 2.35952
11 1.77843 -2.12079 -1.49595 -4.23724 -1.5708 -1.36316
11 1.55872 -2.1253 -1.46511 -4.22115 -1.56001 -1.03093
11 1.339 -2.12981 -1.43427 -4.20506 -1.54923 -0.698698
11 1.45678 -2.02442 -1.32795 -4.08058 -1.48587 -0.375882
11 1.24551 -2.01594 -1.30528 -4.04437 -1.45041 -0.173897
11 0.961572 -2.00453 -1.2748 -3.9957 -1.40276 0.0975501
11 0.677638 -1.99313 -1.24433 -3.94702 -1.35512 0.368997
11 0.393704 -1.98173 -1.21385 -3.89835 -1.30747 0.640443
11 0.109769 -1.97033 -1.18338 -3.84968 -1.25982 0.91189
11 -0.174165 -1.95893 -1.15291 -3.80101 -1.21217 1.18334
11 -0.458099 -1.94752 -1.12243 -3.75234 -1.16452 1.45478
11 -0.742033 -1.93612 -1.09196 -3.70367 -1.11687 1.72623
11 -0.75276 -2.0993 -1.08862 -3.86881 -1.35878 1.94406
11 -0.591556 -2.16942 -1.16328 -4.06367 -1.45446 2.22047
11 -0.782077 -2.26163 -1.25775 -4.3346 -1.5708 2.35952
12 1.77843 -2.12079 -1.49595 -4.23724 -1.5708 -1.36316
12 1.40986 -2.17739 -1.40825 -4.16966 -1.48043 -1.38601
12 1.22055 -2.18185 -1.39327 -4.13903 -1.47273 -1.03541
12 1.35412 -2.07731 -1.459 -3.92497 -1.33317 -0.787189
12 1.28946 -1.90611 -1.5072 -3.62123 -1.28553 -0.614964
12 1.26131 -1.9176 -1.48117 -3.66929 -1.31586 -0.626744
12 1.10158 -1.98275 -1.3335 -3.94197 -1.48795 -0.693578
12 0.811749 -1.87423 -1.18947 -3.96147 -1.66559 -0.586146
12 0.852854 -2.06138 -1.22247 -4.09746 -1.58498 -0.274363
12 0.629713 -2.20737 -1.35468 -4.22836 -1.51259 -0.0529182
12 0.428028 -2.21512 -1.34084 -4.24354 -1.52091 0.291715
12 0.226344 -2.22287 -1.32699 -4.25872 -1.52922 0.636349
12 0.02466 -2.23063 -1.31314 -4.27389 -1.53754 0.980982
12 -0.177024 -2.23838 -1.2993 -4.28907 -1.54585 1.32562
12 -0.378708 -2.24613 -1.28545 -4.30425 -1.55417 1.67025
12 -0.580393 -2.25388 -1.2716 -4.31942 -1.56248 2.01488
12 -0.782077 -2.26163 -1.25775 -4.3346 -1.5708 2.35952
13 1.77843 -2.12079 -1.49595 -4.23724 -1.5708 -1.36316
13 1.54682 -2.12483 -1.48141 -4.21454 -1.56936 -1.03818
13 1.31521 -2.12887 -1.46688 -4.19183 -1.56793 -0.713206
13 1.45351 -2.04153 -1.22141 -4.11333 -1.52984 -0.457516
13 1.19187 -2.04814 -1.24141 -4.06833 -1.50732 -0.159908
13 1.16572 -1.81869 -1.3621 -4.02722 -1.64415 0.107847
13 1.15848 -1.8279 -1.35762 -4.03181 -1.64059 0.110109
13 0.951774 -2.09092 -1.22957 -4.16299 -1.53903 0.174712
13 0.704081 -2.11531 -1.2336 -4.1875 -1.54357 0.486827
13 0.456388 -2.1397 -1.23762 -4.21202 -1.54811 0.798942
13 0.208695 -2.16408 -1.24165 -4.23653 -1.55265 1.11106
13 -0.0389979 -2.18847 -1.24568 -4.26105 -1.55718 1.42317
13 -0.286691 -2.21286 -1.2497 -4.28557 -1.56172 1.73529
13 -0.534384 -2.23724 -1.25373 -4.31008 -1.56626 2.0474
13 -0.782077 -2.26163 -1.25775 -4.3346 -1.5708 2.35952
14 1.77843 -2.12079 -1.49595 -4.23724 -1.5708 -1.36316
14 1.5577 -2.12174 -1.47879 -4.22344 -1.57158 -1.03031
14 1.42306 -2.04722 -1.13409 -4.26839 -1.53458 -1.14911
14 1.43903 -1.93279 -0.841272 -4.15319 -1.31633 -1.14626
14 1.28047 -1.95844 -0.945896 -4.06838 -1.37425 -0.873673
14 1.09859 -1.98786 -1.06591 -3.97109 -1.44069 -0.560991
14 0.9167 -2.01728 -1.18592 -3.8738 -1.50713 -0.248308
14 0.734815 -2.0467 -1.30593 -3.77651 -1.57357 0.0643737
14 0.774589 -2.04064 -1.40201 -4.12643 -1.63746 0.214792
14 0.606569 -2.03894 -1.47143 -4.08965 -1.66412 0.568181
14 0.371721 -2.05732 -1.43986 -4.08984 -1.64712 0.889464
14 0.136874 -2.07571 -1.40828 -4.09002 -1.63013 1.21075
14 -0.0979735 -2.09409 -1.3767 -4.0902 -1.61313 1.53203
14 -0.332821 -2.11247 -1.34513 -4.09039 -1.59614 1.85331
14 -0.567668 -2.13086 -1.31355 -4.09057 -1.57914 2.1746
14 -0.782077 -2.26163 -1.25775 -4.3346 -1.5708 2.35952
15 1.77843 -2.12079 -1.49595 -4.23724 -1.5708 -1.36316
15 1.56896 -2.12439 -1.47871 -4.2206 -1.57667 -1.02331
15 1.35949 -2.128 -1.46148 -4.20396 -1.58254 -0.683451
15 1.15002 -2.1316 -1.44424 -4.18731 -1.58841 -0.343597
15 1.25161 -1.978 -1.30234 -3.96916 -1.48755 -0.124074
15 1.088 -1.99477 -1.30268 -3.97695 -1.50114 0.106063
15 0.856992 -2.01844 -1.30317 -3.98794 -1.52033 0.431002
15 0.625983 -2.04211 -1.30365 -3.99894 -1.53952 0.755941
15 0.394975 -2.06579 -1.30414 -4.00993 -1.55871 1.08088
15 0.163966 -2.08946 -1.30462 -4.02093 -1.57789 1.40582
15 -0.0670422 -2.11313 -1.30511 -4.03192 -1.59708 1.73076
15 -0.298051 -2.1368 -1.3056 -4.04291 -1.61627 2.0557
15 -0.529059 -2.16048 -1.30608 -4.05391 -1.63546 2.38064
15 -0.782077 -2.26163 -1.25775 -4.3346 -1.5708 2.35952
16 1.77843 -2.12079 -1.49595 -4.23724 -1.5708 -1.36316
16 1.86333 -1.98683 -1.34212 -4.10746 -1.6584 -1.06877
16 1.5882 -1.94691 -1.3525 -4.13326 -1.63763 -0.783282
16 1.31306 -1.907 -1.36287 -4.15905 -1.61687 -0.497794
16 1.03793 -1.86709 -1.37325 -4.18485 -1.59611 -0.212306
16 0.762791 -1.82718 -1.38363 -4.21065 -1.57535 0.0731825
16 0.510548 -1.79058 -1.39314 -4.2343 -1.55631 0.334918
16 0.678588 -2.1099 -1.30434 -4.20918 -1.61917 0.466583
16 0.435144 -2.13518 -1.29657 -4.23009 -1.6111 0.782072
16 0.1917 -2.16047 -1.28881 -4.25099 -1.60304 1.09756
16 -0.0517443 -2.18576 -1.28105 -4.27189 -1.59498 1.41305
16 -0.295188 -2.21105 -1.27328 -4.29279 -1.58692 1.72854
16 -0.538633 -2.23634 -1.26552 -4.3137 -1.57886 2.04403
16 -0.782077 -2.26163 -1.25775 -4.3346 -1.5708 2.35952
17 1.77843 -2.12079 -1.49595 -4.23724 -1.5708 -1.36316
17 1.47257 -1.98223 -1.52953 -4.05949 -1.46314 -1.30902
17 1.40994 -1.90702 -1.31714 -3.85766 -1.21357 -1.35688
17 1.23013 -1.94133 -1.28693 -3.87503 -1.27636 -1.11199
17 1.00111 -1.98503 -1.24845 -3.89716 -1.35633 -0.800096
17 0.772102 -2.02873 -1.20997 -3.91929 -1.4363 -0.488201
17 0.543091 -2.07244 -1.17149 -3.94142 -1.51627 -0.176306
17 0.674652 -2.08111 -1.43335 -4.15685 -1.50124 -0.0107341
17 0.466548 -2.1069 -1.40827 -4.18224 -1.51118 0.327873
17 0.258444 -2.13269 -1.38318 -4.20763 -1.52111 0.66648
17 0.0503399 -2.15847 -1.35809 -4.23303 -1.53105 1.00509
17 -0.157764 -2.18426 -1.33301 -4.25842 -1.54099 1.34369
17 -0.365868 -2.21005 -1.30792 -4.28381 -1.55092 1.6823
17 -0.573973 -2.23584 -1.28284 -4.30921 -1.56086 2.02091
17 -0.782077 -2.26163 -1.25775 -4.3346 -1.5708 2.35952
18 1.77843 -2.12079 -1.49595 -4.23724 -1.5708 -1.36316
18 1.69522 -2.014 -1.51066 -3.97854 -1.39319 -1.15584
18 1.45375 -2.0516 -1.47126 -3.94242 -1.37303 -0.844365
18 1.28143 -2.00738 -1.54744 -3.64938 -1.53638 -0.744411
18 1.09952 -1.89043 -1.44899 -3.36503 -1.54363 -0.59398
18 1.0881 -1.89919 -1.44698 -3.37924 -1.53742 -0.573169
18 0.934592 -2.01709 -1.41993 -3.57032 -1.45388 -0.293324
18 0.781084 -2.13498 -1.39287 -3.7614 -1.37034 -0.0134788
18 0.565881 -2.18986 -1.32639 -3.80958 -1.29892 0.3009
18 0.589945 -2.12448 -1.39782 -4.1374 -1.47243 0.412579
18 0.361275 -2.14734 -1.37448 -4.17027 -1.48882 0.737068
18 0.132605 -2.1702 -1.35113 -4.20313 -1.50522 1.06156
18 -0.0960657 -2.19305 -1.32779 -4.236 -1.52161 1.38605
18 -0.324736 -2.21591 -1.30444 -4.26887 -1.53801 1.71054
18 -0.553406 -2.23877 -1.2811 -4.30173 -1.5544 2.03503
18 -0.782077 -2.26163 -1.25775 -4.3346 -1.5708 2.35952
19 1.77843 -2.12079 -1.49595 -4.23724 -1.5708 -1.36316
19 1.47194 -2.02256 -1.48829 -4.10725 -1.43145 -1.22161
19 1.29969 -2.02171 -1.45794 -4.10187 -1.4314 -0.861913
19 1.23942 -2.10651 -1.10656 -3.94291 -1.44295 -0.844339
19 1.11285 -2.0567 -1.02629 -3.83414 -1.28112 -0.532837
19 0.986274 -2.0069 -0.946015 -3.72538 -1.11928 -0.221335
19 0.859699 -1.9571 -0.865742 -3.61661 -0.957447 0.0901675
19 0.733124 -1.90729 -0.78547 -3.50784 -0.795612 0.40167
19 0.606549 -1.85749 -0.705197 -3.39907 -0.633777 0.713172
19 0.479975 -1.80768 -0.624925 -3.2903 -0.471943 1.02467
19 0.3534 -1.75788 -0.544652 -3.18153 -0.310108 1.33618
19 0.300237 -1.73696 -0.510936 -3.13585 -0.242135 1.46701
19 0.281827 -1.9913 -0.756977 -2.97729 -0.337076 1.45027
19 0.477854 -2.11267 -0.871591 -3.26797 -0.428217 1.42025
19 0.504122 -2.00868 -0.923351 -3.33244 -0.804429 1.40899
19 0.374785 -2.00422 -0.978529 -3.53795 -1.05533 1.22186
19 0.42008 -1.95283 -1.18547 -3.84677 -1.14269 1.12447
19 0.323133 -2.0169 -1.28585 -4.07139 -1.43109 1.17733
19 0.0659316 -2.17168 -1.34449 -4.24907 -1.51837 1.01222
19 -0.146071 -2.19417 -1.3228 -4.27045 -1.53148 1.34904
19 -0.358073 -2.21666 -1.30112 -4.29183 -1.54458 1.68587
19 -0.570075 -2.23914 -1.27944 -4.31322 -1.55769 2.02269
19 -0.782077 -2.26163 -1.25775 -4.3346 -1.5708 2.35952
20 1.77843 -2.12079 -1.49595 -4.23724 -1.5708 -1.36316
20 1.82685 -1.99577 -1.43498 -4.19713 -1.5336 -0.995307
20 1.57881 -2.01596 -1.38862 -4.19834 -1.48874 -0.688873
20 1.33076 -2.03616 -1.34226 -4.19955 -1.44387 -0.382439
20 1.04692 -1.86597 -1.42754 -4.01366 -1.46148 -0.47372
20 0.954644 -1.92892 -1.40962 -4.07599 -1.48409 -0.231905
20 0.820463 -2.02046 -1.38356 -4.16661 -1.51698 0.119724
20 0.686282 -2.112 -1.3575 -4.25723 -1.54986 0.471353
20 0.441556 -2.13694 -1.34087 -4.27012 -1.55335 0.786047
20 0.196829 -2.16188 -1.32425 -4.28302 -1.55684 1.10074
20 -0.0478974 -2.18681 -1.30763 -4.29591 -1.56033 1.41543
20 -0.292624 -2.21175 -1.291 -4.30881 -1.56382 1.73013
20 -0.53735 -2.23669 -1.27438 -4.3217 -1.56731 2.04482
20 -0.782077 -2.26163 -1.25775 -4.3346 -1.5708 2.35952
21 1.77843 -2.12079 -1.49595 -4.23724 -1.5708 -1.36316
21 1.55108 -2.11869 -1.46833 -4.21909 -1.5809 -1.03588
21 1.32373 -2.11659 -1.44072 -4.20095 -1.591 -0.708596
21 1.46415 -1.91689 -1.26244 -4.07311 -1.52114 -0.49088
21 1.29651 -1.9309 -1.25719 -4.07049 -1.53351 -0.282067
21 1.04678 -1.95178 -1.24939 -4.06659 -1.55194 0.0290268
21 0.797038 -1.97265 -1.24158 -4.06269 -1.57037 0.34012
21 0.547299 -1.99352 -1.23377 -4.05879 -1.5888 0.651214
21 0.297561 -2.01439 -1.22596 -4.05489 -1.60723 0.962307
21 0.047822 -2.03526 -1.21815 -4.05099 -1.62566 1.2734
21 -0.201917 -2.05613 -1.21035 -4.04709 -1.6441 1.58449
21 -0.451655 -2.07701 -1.20254 -4.04319 -1.66253 1.89559
21 -0.701394 -2.09788 -1.19473 -4.03928 -1.68096 2.20668
21 -0.782077 -2.26163 -1.25775 -4.3346 -1.5708 2.35952
22 1.77843 -2.12079 -1.49595 -4.23724 -1.5708 -1.36316
22 1.54737 -2.13118 -1.45598 -4.2191 -1.57926 -1.03989
22 1.31631 -2.14157 -1.41602 -4.20097 -1.58771 -0.716615
22 1.39508 -1.96261 -1.48483 -4.22166 -1.30154 -0.530307
22 1.51177 -1.93085 -1.55468 -3.9381 -1.16743 -0.325112
22 1.26723 -1.88581 -1.33011 -3.8838 -1.21538 -0.118974
22 1.11924 -1.85855 -1.19421 -3.85094 -1.2444 0.00577331
22 0.975506 -1.99044 -1.39081 -4.1213 -1.34015 0.0378603
22 0.742777 -2.00588 -1.33866 -4.06564 -1.36156 0.353014
22 0.510048 -2.02131 -1.28651 -4.00997 -1.38298 0.668167
22 0.277318 -2.03675 -1.23436 -3.9543 -1.4044 0.98332
22 0.0445892 -2.05218 -1.18221 -3.89864 -1.42581 1.29847
22 -0.18814 -2.06762 -1.13006 -3.84297 -1.44723 1.61363
22 -0.420869 -2.08306 -1.07791 -3.7873 -1.46864 1.92878
22 -0.653598 -2.09849 -1.02576 -3.73164 -1.49006 2.24393
22 -0.782253 -2.23592 -1.05305 -4.03623 -1.66454 2.21945
22 -0.782077 -2.26163 -1.25775 -4.3346 -1.5708 2.35952
23 1.77843 -2.12079 -1.49595 -4.23724 -1.5708 -1.36316
23 1.54468 -2.10908 -1.46479 -4.23061 -1.59371 -1.04116
23 1.31093 -2.09738 -1.43364 -4.22397 -1.61662 -0.719158
23 1.09788 -2.0041 -1.33628 -3.99741 -1.64707 -0.508988
23 1.11604 -1.85124 -1.28834 -3.70963 -1.7224 -0.295645
23 0.953944 -1.8954 -1.30233 -3.76666 -1.59039 -0.197984
23 0.686182 -1.96835 -1.32544 -3.86086 -1.37234 -0.0366581
23 0.877342 -2.05547 -1.32548 -4.11073 -1.53644 0.126146
23 0.640283 -2.08492 -1.3158 -4.14271 -1.54135 0.445199
23 0.403223 -2.11438 -1.30613 -4.17469 -1.54625 0.764252
23 0.166163 -2.14383 -1.29645 -4.20667 -1.55116 1.0833
23 -0.0708971 -2.17328 -1.28678 -4.23865 -1.55607 1.40236
23 -0.307957 -2.20273 -1.2771 -4.27064 -1.56098 1.72141
23 -0.545017 -2.23218 -1.26743 -4.30262 -1.56589 2.04046
23 -0.782077 -2.26163 -1.25775 -4.3346 -1.5708 2.35952
24 1.77843 -2.12079 -1.49595 -4.23724 -1.5708 -1.36316
24 1.69733 -2.05989 -1.25553 -4.21594 -1.45374 -1.08431
24 1.46436 -2.07869 -1.28007 -4.23668 -1.35905 -0.775478
24 1.23675 -2.10205 -1.18253 -4.13262 -1.42257 -0.486912
24 1.00913 -2.12541 -1.08499 -4.02857 -1.48608 -0.198346
24 0.840402 -2.14273 -1.01268 -3.95144 -1.53316 0.0155634
24 0.850811 -2.12877 -1.25629 -4.25645 -1.49371 0.0914829
24 0.617541 -2.14775 -1.2565 -4.26761 -1.50472 0.415488
24 0.384272 -2.16673 -1.25671 -4.27878 -1.51573 0.739492
24 0.151002 -2.18571 -1.25692 -4.28994 -1.52674 1.0635
24 -0.0822677 -2.20469 -1.25713 -4.30111 -1.53776 1.3875
24 -0.315537 -2.22367 -1.25734 -4.31227 -1.54877 1.71151
24 -0.548807 -2.24265 -1.25755 -4.32344 -1.55978 2.03551
24 -0.782077 -2.26163 -1.25775 -4.3346 -1.5708 2.35952
25 1.77843 -2.12079 -1.49595 -4.23724 -1.5708 -1.36316
25 1.54129 -2.13412 -1.46936 -4.21768 -1.55779 -1.04328
25 1.30414 -2.14744 -1.44278 -4.19811 -1.54478 -0.723391
25 1.3188 -2.04449 -1.12902 -4.19451 -1.5574 -0.498509
25 1.24459 -2.04467 -1.12527 -4.16691 -1.54114 -0.39028
25 1.02494 -2.04521 -1.11415 -4.0852 -1.49299 -0.0699134
25 0.805291 -2.04575 -1.10304 -4.00348 -1.44484 0.250453
25 0.585641 -2.04629 -1.09192 -3.92177 -1.39669 0.57082
25 0.365991 -2.04684 -1.08081 -3.84005 -1.34855 0.891187
25 0.146341 -2.04738 -1.06969 -3.75834 -1.3004 1.21155
25 -0.0733091 -2.04792 -1.05858 -3.67663 -1.25225 1.53192
25 -0.292959 -2.04846 -1.04746 -3.59491 -1.20411 1.85229
25 -0.512609 -2.049 -1.03635 -3.5132 -1.15596 2.17265
25 -0.762363 -2.21062 -1.06724 -3.76271 -1.24313 2.19904
25 -0.946334 -2.2739 -1.19048 -4.01245 -1.42136 2.31229
25 -0.782077 -2.26163 -1.25775 -4.3346 -1.5708 2.35952
26 1.77843 -2.12079 -1.49595 -4.23724 -1.5708 -1.36316
26 1.741 -1.94734 -1.5899 -4.25372 -1.32289 -1.12242
26 1.47422 -1.95288 -1.58276 -4.17448 -1.33702 -0.835594
26 1.3256 -1.9211 -1.47028 -3.89798 -1.34074 -0.617017
26 1.24613 -1.93374 -1.26361 -3.58534 -1.23502 -0.573436
26 1.19518 -1.93718 -1.29353 -3.6223 -1.24912 -0.520353
26 0.965681 -1.95271 -1.42828 -3.78879 -1.31261 -0.281228
26 0.736178 -1.96823 -1.56303 -3.95527 -1.3761 -0.0421037
26 0.848694 -2.05849 -1.47243 -4.28233 -1.41056 0.108998
26 0.615726 -2.08751 -1.44176 -4.28979 -1.43345 0.430501
26 0.382759 -2.11653 -1.41109 -4.29726 -1.45634 0.752003
26 0.149792 -2.14555 -1.38043 -4.30473 -1.47923 1.07351
26 -0.0831752 -2.17457 -1.34976 -4.3122 -1.50213 1.39501
26 -0.316142 -2.20359 -1.31909 -4.31966 -1.52502 1.71651
26 -0.54911 -2.23261 -1.28842 -4.32713 -1.54791 2.03801
26 -0.782077 -2.26163 -1.25775 -4.3346 -1.5708 2.35952
27 1.77843 -2.12079 -1.49595 -4.23724 -1.5708 -1.36316
27 1.7166 -1.95174 -1.26612 -4.06113 -1.60877 -1.15744
27 1.43578 -1.96999 -1.29665 -4.01451 -1.61826 -0.878855
27 1.15495 -1.98823 -1.32718 -3.96789 -1.62776 -0.600268
27 1.17263 -1.96896 -1.27155 -3.62216 -1.49505 -0.462145
27 0.975512 -1.98911 -1.31473 -3.73061 -1.55521 -0.329621
27 0.685798 -2.01871 -1.37818 -3.89001 -1.64362 -0.134844
27 0.832154 -2.06143 -1.26316 -4.15793 -1.59533 0.0874382
27 0.60155 -2.09003 -1.26238 -4.18317 -1.59182 0.412021
27 0.370945 -2.11863 -1.26161 -4.20841 -1.58832 0.736603
27 0.140341 -2.14723 -1.26084 -4.23364 -1.58481 1.06119
27 -0.0902636 -2.17583 -1.26007 -4.25888 -1.58131 1.38577
27 -0.320868 -2.20443 -1.2593 -4.28412 -1.57781 1.71035
27 -0.551472 -2.23303 -1.25853 -4.30936 -1.5743 2.03493
27 -0.782077 -2.26163 -1.25775 -4.3346 -1.5708 2.35952
28 1.77843 -2.12079 -1.49595 -4.23724 -1.5708 -1.36316
28 1.56063 -2.12003 -1.46481 -4.21813 -1.56498 -1.02971
28 1.34282 -2.11928 -1.43368 -4.19901 -1.55917 -0.69625
28 1.30145 -2.02006 -1.30691 -3.83747 -1.54123 -0.7329
28 1.27882 -2.01802 -1.30139 -3.83257 -1.53088 -0.695047
28 1.08184 -2.00023 -1.25334 -3.78987 -1.44077 -0.365456
28 0.884859 -1.98244 -1.20529 -3.74716 -1.35066 -0.0358653
28 0.687877 -1.96465 -1.15724 -3.70446 -1.26056 0.293725
28 0.490896 -1.94686 -1.10919 -3.66175 -1.17045 0.623316
28 0.293914 -1.92908 -1.06114 -3.61905 -1.08034 0.952907
28 0.0969326 -1.91129 -1.01309 -3.57635 -0.990234 1.2825
28 -0.100049 -1.8935 -0.965039 -3.53364 -0.900127 1.61209
28 -0.29703 -1.87571 -0.916989 -3.49094 -0.810019 1.94168
28 -0.454363 -1.93855 -1.02207 -3.6126 -1.12245 2.03021
28 -0.732012 -2.0335 -1.06714 -3.80056 -1.29072 2.1209
28 -0.622426 -2.11245 -1.15276 -4.02651 -1.50671 2.31252
28 -0.782077 -2.26163 -1.25775 -4.3346 -1.5708 2.35952
29 1.77843 -2.12079 -1.49595 -4.23724 -1.5708 -1.36316
29 1.66801 -2.06771 -1.37177 -4.11951 -1.23072 -1.37055
29 1.44786 -2.06417 -1.33056 -4.06618 -1.21789 -1.04373
29 1.28893 -2.04153 -1.1201 -3.83403 -1.26662 -0.860246
29 1.13528 -2.04438 -1.13926 -3.84817 -1.24229 -0.61825
29 0.922385 -2.04833 -1.16582 -3.86776 -1.20858 -0.282936
29 0.709491 -2.05229 -1.19238 -3.88734 -1.17487 0.0523775
29 0.747004 -2.14061 -1.32891 -4.20036 -1.35856 0.031612
29 0.528564 -2.15789 -1.31874 -4.21954 -1.38888 0.36417
29 0.310124 -2.17518 -1.30858 -4.23872 -1.4192 0.696727
29 0.0916838 -2.19247 -1.29841 -4.25789 -1.44952 1.02929
29 -0.126756 -2.20976 -1.28825 -4.27707 -1.47984 1.36184
29 -0.345197 -2.22705 -1.27808 -4.29625 -1.51016 1.6944
29 -0.563637 -2.24434 -1.26792 -4.31542 -1.54048 2.02696
29 -0.782077 -2.26163 -1.25775 -4.3346 -1.5708 2.35952
30 1.77843 -2.12079 -1.49595 -4.23724 -1.5708 -1.36316
30 1.54247 -2.1311 -1.47253 -4.22312 -1.55877 -1.04172
30 1.3065 -2.14142 -1.44912 -4.20899 -1.54674 -0.720289
30 1.1845 -2.1782 -1.102 -4.12054 -1.67056 -0.709608
30 1.03042 -2.19614 -0.952757 -3.93823 -1.62652 -0.429452
30 0.942681 -2.20636 -0.867773 -3.83442 -1.60144 -0.269922
30 0.842214 -2.18759 -1.12739 -4.11442 -1.63008 -0.215794
30 0.615101 -2.19381 -1.14423 -4.11037 -1.60321 0.111862
30 0.387987 -2.20004 -1.16108 -4.10631 -1.57635 0.439519
30 0.160873 -2.20627 -1.17792 -4.10226 -1.54949 0.767175
30 -0.0662404 -2.2125 -1.19477 -4.0982 -1.52262 1.09483
30 -0.293354 -2.21873 -1.21161 -4.09415 -1.49576 1.42249
30 -0.520468 -2.22496 -1.22846 -4.09009 -1.4689 1.75014
30 -0.747582 -2.23119 -1.2453 -4.08603 -1.44203 2.0778
30 -0.782077 -2.26163 -1.25775 -4.3346 -1.5708 2.35952
31 1.77843 -2.12079 -1.49595 -4.23724 -1.5708 -1.36316
31 1.62312 -2.03712 -1.45506 -3.97622 -1.47992 -1.13773
31 1.38469 -2.06347 -1.41449 -3.96499 -1.51416 -0.822283
31 1.15889 -2.03894 -1.23973 -3.83012 -1.29569 -0.712952
31 0.979582 -2.08152 -1.19886 -3.78906 -1.37388 -0.371537
31 0.800271 -2.1241 -1.15798 -3.74801 -1.45207 -0.030121
31 0.620961 -2.16668 -1.1171 -3.70695 -1.53026 0.311295
31 0.44165 -2.20926 -1.07623 -3.6659 -1.60845 0.65271
31 0.262339 -2.25184 -1.03535 -3.62484 -1.68664 0.994126
31 0.206349 -2.26514 -1.02259 -3.61203 -1.71105 1.10073
31 0.0079824 -2.21561 -1.18021 -3.90016 -1.71186 0.999111
31 0.11895 -2.17752 -1.33167 -4.20035 -1.53675 1.04939
31 -0.106307 -2.19855 -1.31319 -4.23391 -1.54526 1.37692
31 -0.331563 -2.21958 -1.29471 -4.26747 -1.55378 1.70445
31 -0.55682 -2.2406 -1.27623 -4.30104 -1.56229 2.03198
31 -0.782077 -2.26163 -1.25775 -4.3346 -1.5708 2.35952
32 1.77843 -2.12079 -1.49595 -4.23724 -1.5708 -1.36316
32 1.56465 -2.12456 -1.46696 -4.22387 -1.55453 -1.02701
32 1.35087 -2.12832 -1.43797 -4.2105 -1.53826 -0.690855
32 1.33364 -2.13182 -1.4282 -3.93443 -1.29518 -0.534991
32 1.26322 -1.93732 -1.29176 -3.80721 -1.21968 -0.258025
32 1.04301 -2.01673 -1.30013 -3.80237 -1.26646 0.00104553
32 0.793079 -2.10686 -1.30964 -3.79687 -1.31956 0.295099
32 0.578507 -2.09696 -1.26258 -3.74226 -1.32923 0.6246
32 0.363936 -2.08706 -1.21552 -3.68766 -1.33891 0.954101
32 0.149364 -2.07715 -1.16846 -3.63305 -1.34858 1.2836
32 -0.0652074 -2.06725 -1.1214 -3.57845 -1.35826 1.6131
32 -0.279779 -2.05734 -1.07434 -3.52384 -1.36793 1.9426
32 -0.457695 -2.13011 -1.0002 -3.79275 -1.42937 2.14624
32 -0.557265 -2.16192 -1.17925 -4.09116 -1.39306 2.30948
32 -0.782077 -2.26163 -1.25775 -4.3346 -1.5708 2.35952
33 1.77843 -2.12079 -1.49595 -4.23724 -1.5708 -1.36316
33 1.54521 -2.12772 -1.4552 -4.22083 -1.56232 -1.04136
33 1.31198 -2.13465 -1.41446 -4.20441 -1.55384 -0.719556
33 1.25347 -2.05424 -1.14288 -3.95946 -1.45548 -0.637818
33 1.08252 -2.06485 -1.10777 -3.95187 -1.44802 -0.426898
33 0.833113 -2.08034 -1.05654 -3.94079 -1.43713 -0.119179
33 0.583705 -2.09582 -1.00532 -3.9297 -1.42624 0.18854
33 0.334297 -2.11131 -0.954096 -3.91862 -1.41535 0.496258
33 0.0848896 -2.12679 -0.902873 -3.90754 -1.40446 0.803977
33 -0.164518 -2.14228 -0.851649 -3.89646 -1.39357 1.1117
33 -0.413926 -2.15776 -0.800426 -3.88538 -1.38268 1.41941
33 -0.663333 -2.17325 -0.749202 -3.8743 -1.37179 1.72713
33 -0.521337 -2.24889 -0.880056 -4.04045 -1.36909 2.02609
33 -0.812209 -2.19775 -1.04337 -4.05488 -1.47662 2.2114
33 -0.782077 -2.26163 -1.25775 -4.3346 -1.5708 2.35952
34 1.77843 -2.12079 -1.49595 -4.23724 -1.5708 -1.36316
34 1.55708 -2.13013 -1.44958 -4.24711 -1.56983 -1.03351
34 1.68101 -1.83612 -1.53464 -4.12641 -1.72614 -0.924135
34 1.5256 -1.86259 -1.49801 -4.14128 -1.71471 -0.712964
34 1.29253 -1.9023 -1.44308 -4.16358 -1.69758 -0.396271
34 1.05947 -1.942 -1.38815 -4.18589 -1.68044 -0.0795782
34 0.826398 -1.98171 -1.33322 -4.20819 -1.66331 0.237115
34 0.59333 -2.02141 -1.27829 -4.23049 -1.64617 0.553808
34 0.360262 -2.06112 -1.22335 -4.2528 -1.62904 0.8705
34 0.127194 -2.10082 -1.16842 -4.2751 -1.6119 1.18719
34 -0.105874 -2.14052 -1.11349 -4.29741 -1.59477 1.50389
34 -0.338942 -2.18023 -1.05856 -4.31971 -1.57763 1.82058
34 -0.57201 -2.21993 -1.00363 -4.34201 -1.5605 2.13727
34 -0.782077 -2.26163 -1.25775 -4.3346 -1.5708 2.35952
35 1.77843 -2.12079 -1.49595 -4.23724 -1.5708 -1.36316
35 1.56104 -2.13232 -1.45619 -4.23529 -1.54786 -1.03075
35 1.34365 -2.14384 -1.41644 -4.23334 -1.52492 -0.698336
35 1.31431 -1.97658 -1.42548 -3.90687 -1.50039 -0.543759
35 1.16263 -1.86447 -1.51009 -3.62584 -1.31247 -0.598336
35 1.12363 -1.9069 -1.45423 -3.71038 -1.35323 -0.462562
35 1.03864 -1.99936 -1.33249 -3.89463 -1.44208 -0.166646
35 0.809174 -2.01832 -1.2551 -3.88445 -1.39354 0.147259
35 0.579711 -2.03728 -1.1777 -3.87427 -1.345 0.461165
35 0.350247 -2.05624 -1.1003 -3.86409 -1.29646 0.77507
35 0.120784 -2.07521 -1.0229 -3.8539 -1.24791 1.08898
35 -0.10868 -2.09417 -0.945507 -3.84372 -1.19937 1.40288
35 -0.338144 -2.11313 -0.868109 -3.83354 -1.15083 1.71679
35 -0.567607 -2.13209 -0.790711 -3.82336 -1.10229 2.03069
35 -0.771304 -2.16995 -0.840684 -3.96322 -1.3717 2.18047
35 -0.593365 -2.24654 -1.06223 -4.21594 -1.32051 2.26355
35 -0.782077 -2.26163 -1.25775 -4.3346 -1.5708 2.35952
36 1.77843 -2.12079 -1.49595 -4.23724 -1.5708 -1.36316
36 1.53855 -2.1283 -1.46499 -4.22997 -1.55059 -1.04539
36 1.29866 -2.13581 -1.43403 -4.22269 -1.53039 -0.727618
36 1.23593 -1.93557 -1.40154 -3.89768 -1.62404 -0.750268
36 1.01887 -1.96348 -1.37608 -3.92484 -1.59543 -0.451687
36 0.786194 -1.99341 -1.34878 -3.95396 -1.56476 -0.131633
36 0.55352 -2.02333 -1.32148 -3.98307 -1.53409 0.18842
36 0.320846 -2.05325 -1.29419 -4.01218 -1.50342 0.508474
36 0.0881721 -2.08317 -1.26689 -4.0413 -1.47275 0.828528
36 -0.144502 -2.11309 -1.2396 -4.07041 -1.44208 1.14858
36 -0.377176 -2.14301 -1.2123 -4.09952 -1.41141 1.46863
36 -0.60985 -2.17293 -1.18501 -4.12863 -1.38074 1.78869
36 -0.842524 -2.20285 -1.15771 -4.15775 -1.35007 2.10874
36 -0.782077 -2.26163 -1.25775 -4.3346 -1.5708 2.35952
37 1.77843 -2.12079 -1.49595 -4.23724 -1.5708 -1.36316
37 1.83633 -2.04062 -1.26159 -4.12216 -1.49366 -1.0873
37 1.5783 -2.0589 -1.26582 -4.12365 -1.47198 -0.783005
37 1.32026 -2.07718 -1.27005 -4.12514 -1.45031 -0.478714
37 1.26148 -1.97247 -1.37599 -3.89348 -1.20256 -0.339744
37 1.06345 -2.02195 -1.28386 -3.95854 -1.24025 -0.0169502
37 0.865425 -2.07144 -1.19173 -4.0236 -1.27794 0.305843
37 0.667397 -2.12092 -1.0996 -4.08866 -1.31562 0.628637
37 0.469369 -2.1704 -1.00747 -4.15372 -1.35331 0.95143
37 0.330321 -2.20515 -0.942783 -4.1994 -1.37978 1.17808
37 0.183211 -2.18015 -1.25917 -4.25628 -1.54236 1.08883
37 -0.0581106 -2.20052 -1.25881 -4.27586 -1.54947 1.4065
37 -0.299433 -2.22089 -1.25846 -4.29544 -1.55658 1.72417
37 -0.540755 -2.24126 -1.25811 -4.31502 -1.56369 2.04185
37 -0.782077 -2.26163 -1.25775 -4.3346 -1.5708 2.35952
38 1.77843 -2.12079 -1.49595 -4.23724 -1.5708 -1.36316
38 1.55805 -2.14197 -1.44647 -4.24212 -1.55311 -1.03423
38 1.33766 -2.16314 -1.397 -4.24699 -1.53542 -0.705292
38 1.09609 -1.89647 -1.46397 -4.28395 -1.61338 -0.568916
38 0.998863 -1.93737 -1.42052 -4.14147 -1.59414 -0.213504
38 0.74719 -1.9076 -1.37082 -4.00034 -1.3532 -0.33734
38 0.75912 -1.91855 -1.36099 -4.00785 -1.35328 -0.337368
38 0.993255 -2.13348 -1.16798 -4.15527 -1.35467 -0.337917
38 0.76751 -2.17001 -1.1299 -4.17176 -1.35548 -0.012368
38 0.541765 -2.20654 -1.09183 -4.18826 -1.3563 0.313181
38 0.31602 -2.24307 -1.05375 -4.20475 -1.35711 0.638731
38 0.090275 -2.27959 -1.01568 -4.22125 -1.35793 0.96428
38 -0.13547 -2.31612 -0.977603 -4.23775 -1.35874 1.28983
38 -0.361215 -2.35265 -0.939528 -4.25424 -1.35956 1.61538
38 -0.58696 -2.38918 -0.901453 -4.27074 -1.36038 1.94093
38 -0.691259 -2.35809 -0.941531 -4.29188 -1.37258 2.32297
38 -0.782077 -2.26163 -1.25775 -4.3346 -1.5708 2.35952
39 1.77843 -2.12079 -1.49595 -4.23724 -1.5708 -1.36316
39 1.54008 -2.12927 -1.46935 -4.2271 -1.54636 -1.04424
39 1.30172 -2.13775 -1.44276 -4.21697 -1.52192 -0.725329
39 1.27274 -2.04261 -1.41911 -3.86519 -1.42014 -0.601067
39 1.24376 -1.94748 -1.39546 -3.51341 -1.31835 -0.476804
39 1.21477 -1.85234 -1.37181 -3.16163 -1.21656 -0.352542
39 1.19218 -1.77818 -1.35338 -2.88742 -1.13722 -0.255681
39 1.15392 -1.88286 -1.23576 -3.15995 -0.989113 -0.449423
39 1.02227 -1.99986 -1.27832 -3.46789 -1.16891 -0.453157
39 0.970325 -2.15128 -1.1366 -3.7753 -1.14704 -0.314186
39 0.900044 -2.13265 -1.29286 -4.07105 -1.17301 -0.108873
39 0.667043 -2.12719 -1.24936 -4.06494 -1.16127 0.213017
39 0.434042 -2.12173 -1.20586 -4.05884 -1.14953 0.534908
39 0.201042 -2.11627 -1.16236 -4.05274 -1.1378 0.856798
39 -0.0319591 -2.11081 -1.11886 -4.04664 -1.12606 1.17869
39 -0.26496 -2.10535 -1.07536 -4.04054 -1.11432 1.50058
39 -0.497961 -2.09989 -1.03186 -4.03443 -1.10259 1.82247
39 -0.730961 -2.09443 -0.988355 -4.02833 -1.09085 2.14436
39 -0.929868 -2.21715 -1.19376 -4.12205 -1.29313 2.26049
39 -0.782077 -2.26163 -1.25775 -4.3346 -1.5708 2.35952
40 1.77843 -2.12079 -1.49595 -4.23724 -1.5708 -1.36316
40 1.55712 -2.12357 -1.46151 -4.22361 -1.57107 -1.03204
40 1.33581 -2.12635 -1.42708 -4.20997 -1.57135 -0.700913
40 1.40093 -2.02785 -1.44661 -3.95105 -1.32133 -0.573941
40 1.14614 -2.01018 -1.21427 -3.96744 -1.36101 -0.376607
40 0.956246 -1.99702 -1.04112 -3.97966 -1.39059 -0.22954
40 0.956739 -2.04393 -1.37758 -3.94015 -1.3793 -0.0224034
40 0.707941 -2.05293 -1.33891 -3.93405 -1.41177 0.286517
40 0.459143 -2.06194 -1.30024 -3.92795 -1.44424 0.595438
40 0.210346 -2.07094 -1.26158 -3.92185 -1.47671 0.904359
40 -0.0384521 -2.07995 -1.22291 -3.91574 -1.50918 1.21328
40 -0.28725 -2.08895 -1.18425 -3.90964 -1.54165 1.5222
40 -0.536047 -2.09796 -1.14558 -3.90354 -1.57412 1.83112
40 -0.587042 -2.15051 -1.1279 -4.09151 -1.57375 2.17607
40 -0.782077 -2.26163 -1.25775 -4.3346 -1.5708 2.35952
41 1.77843 -2.12079 -1.49595 -4.23724 -1.5708 -1.36316
41 1.5528 -2.13486 -1.45648 -4.21926 -1.5695 -1.03604
41 1.32716 -2.14893 -1.41701 -4.20128 -1.56821 -0.708919
41 1.37678 -2.00551 -1.36024 -4.14746 -1.54989 -0.347652
41 1.14047 -2.03238 -1.28443 -4.05692 -1.51796 -0.0709082
41 0.89487 -2.0603 -1.20564 -3.96281 -1.48478 0.216727
41 0.649265 -2.08822 -1.12685 -3.86871 -1.45159 0.504362
41 0.40366 -2.11614 -1.04806 -3.77461 -1.41841 0.791998
41 0.158056 -2.14407 -0.96927 -3.6805 -1.38522 1.07963
41 -0.0875491 -2.17199 -0.890479 -3.5864 -1.35204 1.36727
41 -0.333154 -2.19991 -0.811689 -3.4923 -1.31885 1.6549
41 -0.543468 -2.17758 -0.987982 -3.56611 -1.27733 1.93242
41 -0.416266 -2.257 -1.06683 -3.8774 -1.31717 2.11355
41 -0.677668 -2.27394 -1.06634 -4.0415 -1.55672 2.19764
41 -0.782077 -2.26163 -1.25775 -4.3346 -1.5708 2.35952
42 1.77843 -2.12079 -1.49595 -4.23724 -1.5708 -1.36316
42 1.54729 -2.13101 -1.45688 -4.2206 -1.56001 -1.03982
42 1.31615 -2.14123 -1.41781 -4.20396 -1.54922 -0.71648
42 1.25485 -2.06595 -1.46444 -4.0084 -1.587 -0.386735
42 1.30428 -1.90483 -1.42257 -3.70268 -1.4831 -0.226795
42 1.0522 -1.90325 -1.40288 -3.74161 -1.44075 0.0777641
42 0.800124 -1.90167 -1.38319 -3.78055 -1.39839 0.382323
42 0.548046 -1.9001 -1.3635 -3.81948 -1.35604 0.686883
42 0.295967 -1.89852 -1.34381 -3.85842 -1.31369 0.991442
42 0.0523938 -1.89699 -1.32479 -3.89604 -1.27277 1.28573
42 0.00462288 -2.14403 -1.10613 -3.89743 -1.48024 1.20936
42 -0.237422 -2.15914 -1.03676 -3.87595 -1.45957 1.51837
42 -0.479466 -2.17426 -0.967389 -3.85446 -1.43891 1.82738
42 -0.721511 -2.18937 -0.89802 -3.83298 -1.41824 2.13638
42 -0.897917 -2.2391 -1.04356 -4.04454 -1.44585 2.38073
42 -0.782077 -2.26163 -1.25775 -4.3346 -1.5708 2.35952
43 1.77843 -2.12079 -1.49595 -4.23724 -1.5708 -1.36316
43 1.5523 -2.11927 -1.47509 -4.22617 -1.5694 -1.03406
43 1.32618 -2.11775 -1.45422 -4.2151 -1.568 -0.704969
43 1.31214 -2.0359 -1.43233 -3.86592 -1.39671 -0.668145
43 1.1606 -1.97152 -1.3189 -3.62631 -1.15819 -0.592515
43 0.930886 -1.95303 -1.28806 -3.67612 -1.20306 -0.400478
43 0.633452 -1.9291 -1.24812 -3.74062 -1.26117 -0.151824
43 0.856238 -2.01896 -1.38299 -3.85019 -1.42462 0.0612001
43 0.644754 -2.0111 -1.3601 -3.8429 -1.43757 0.399531
43 0.433269 -2.00323 -1.33721 -3.83561 -1.45052 0.737861
43 0.221784 -1.99537 -1.31432 -3.82831 -1.46347 1.07619
43 0.0102992 -1.98751 -1.29143 -3.82102 -1.47642 1.41452
43 -0.201186 -1.97965 -1.26855 -3.81372 -1.48937 1.75285
43 -0.41267 -1.97179 -1.24566 -3.80643 -1.50232 2.09118
43 -0.611478 -2.10474 -1.27547 -4.12022 -1.556 2.11499
43 -0.782077 -2.26163 -1.25775 -4.3346 -1.5708 2.35952
44 1.77843 -2.12079 -1.49595 -4.23724 -1.5708 -1.36316
44 1.55606 -2.15742 -1.30945 -4.25683 -1.34348 -1.51272
44 1.37239 -2.15562 -1.26431 -4.22631 -1.32173 -1.16226
44 1.14162 -2.16769 -0.956272 -4.1786 -1.30664 -1.2582
44 1.0831 -2.1713 -0.997015 -4.19179 -1.32176 -1.10851
44 0.942973 -2.17995 -1.09458 -4.22338 -1.35795 -0.750093
44 0.802848 -2.18859 -1.19214 -4.25496 -1.39414 -0.391673
44 0.662723 -2.19723 -1.2897 -4.28654 -1.43033 -0.0332533
44 0.456323 -2.20643 -1.28514 -4.29341 -1.4504 0.308571
44 0.249923 -2.21563 -1.28057 -4.30027 -1.47046 0.650395
44 0.0435234 -2.22483 -1.27601 -4.30714 -1.49053 0.992219
44 -0.162877 -2.23403 -1.27145 -4.314 -1.5106 1.33404
44 -0.369277 -2.24323 -1.26688 -4.32087 -1.53066 1.67587
44 -0.575677 -2.25243 -1.26232 -4.32773 -1.55073 2.01769
44 -0.782077 -2.26163 -1.25775 -4.3346 -1.5708 2.35952
45 1.77843 -2.12079 -1.49595 -4.23724 -1.5708 -1.36316
45 1.52239 -2.08709 -1.38704 -4.17251 -1.30767 -1.45273
45 1.26254 -2.12059 -1.33048 -4.16928 -1.29354 -1.15618
45 1.37334 -2.06012 -1.19358 -4.12088 -1.07592 -0.881179
45 1.2134 -2.03069 -1.15176 -4.04966 -1.07884 -0.724503
45 0.947349 -1.98172 -1.08221 -3.9312 -1.0837 -0.463882
45 0.681298 -1.93275 -1.01265 -3.81273 -1.08856 -0.203262
45 0.476725 -2.0918 -1.15262 -3.82732 -1.32288 -0.337957
45 0.416273 -2.22969 -1.14631 -4.15876 -1.24752 -0.190429
45 0.661239 -2.15231 -1.33872 -4.23308 -1.406 -0.0281333
45 0.455051 -2.16793 -1.32716 -4.24758 -1.42954 0.312959
45 0.248863 -2.18354 -1.31559 -4.26209 -1.45308 0.654052
45 0.0426751 -2.19916 -1.30402 -4.27659 -1.47663 0.995145
45 -0.163513 -2.21478 -1.29246 -4.29109 -1.50017 1.33624
45 -0.369701 -2.23039 -1.28089 -4.30559 -1.52371 1.67733
45 -0.575889 -2.24601 -1.26932 -4.3201 -1.54725 2.01842
45 -0.782077 -2.26163 -1.25775 -4.3346 -1.5708 2.35952
46 1.77843 -2.12079 -1.49595 -4.23724 -1.5708 -1.36316
46 1.62902 -1.7847 -1.3411 -4.21566 -1.55784 -1.35288
46 1.59943 -1.79055 -1.34007 -4.21711 -1.558 -1.30733
46 1.38293 -1.83338 -1.33259 -4.2278 -1.55916 -0.973981
46 1.16643 -1.8762 -1.32511 -4.23848 -1.56032 -0.640631
46 0.949929 -1.91903 -1.31762 -4.24916 -1.56149 -0.307282
46 0.733429 -1.96185 -1.31014 -4.25984 -1.56265 0.0260681
46 0.516928 -2.00468 -1.30266 -4.27052 -1.56382 0.359418
46 0.300427 -2.0475 -1.29517 -4.2812 -1.56498 0.692767
46 0.0839263 -2.09033 -1.28769 -4.29188 -1.56614 1.02612
46 -0.132574 -2.13315 -1.2802 -4.30256 -1.56731 1.35947
46 -0.349075 -2.17598 -1.27272 -4.31324 -1.56847 1.69282
46 -0.565576 -2.2188 -1.26524 -4.32392 -1.56963 2.02617
46 -0.782077 -2.26163 -1.25775 -4.3346 -1.5708 2.35952
47 1.77843 -2.12079 -1.49595 -4.23724 -1.5708 -1.36316
47 1.62212 -2.03524 -1.40519 -4.06104 -1.40664 -1.11413
47 1.39501 -2.03682 -1.40082 -4.00486 -1.35068 -0.794584
47 1.46474 -2.02229 -1.15685 -3.87006 -1.55942 -0.611118
47 1.32878 -2.02615 -1.20513 -3.86797 -1.48618 -0.478233
47 1.06909 -2.03353 -1.29734 -3.86398 -1.34627 -0.224431
47 0.809397 -2.04091 -1.38955 -3.85998 -1.20637 0.0293722
47 0.803683 -2.11231 -1.355 -4.15417 -1.46252 0.0683734
47 0.577146 -2.13364 -1.34111 -4.17994 -1.47799 0.395679
47 0.350609 -2.15497 -1.32721 -4.20572 -1.49346 0.722986
47 0.124072 -2.1763 -1.31332 -4.23149 -1.50893 1.05029
47 -0.102466 -2.19763 -1.29943 -4.25727 -1.52439 1.3776
47 -0.329003 -2.21896 -1.28554 -4.28305 -1.53986 1.7049
47 -0.55554 -2.2403 -1.27165 -4.30882 -1.55533 2.03221
47 -0.782077 -2.26163 -1.25775 -4.3346 -1.5708 2.35952
48 1.77843 -2.12079 -1.49595 -4.23724 -1.5708 -1.36316
48 1.76728 -2.05888 -1.56219 -4.04046 -1.45484 -1.04775
48 1.55105 -2.08061 -1.48384 -4.00564 -1.45081 -0.723086
48 1.33482 -2.10235 -1.4055 -3.97081 -1.44677 -0.398426
48 1.19676 -1.89096 -1.38415 -3.80236 -1.22358 -0.265711
48 1.16924 -1.9096 -1.37215 -3.80824 -1.23862 -0.21913
48 0.987736 -2.03254 -1.29306 -3.84696 -1.33776 0.0880473
48 0.806231 -2.15548 -1.21397 -3.88567 -1.4369 0.395224
48 0.646534 -2.14801 -1.42836 -4.16977 -1.50582 0.450153
48 0.408432 -2.16695 -1.39992 -4.19724 -1.51665 0.76838
48 0.17033 -2.18588 -1.37149 -4.22471 -1.52748 1.08661
48 -0.0677716 -2.20482 -1.34306 -4.25219 -1.53831 1.40483
48 -0.305873 -2.22376 -1.31462 -4.27966 -1.54914 1.72306
48 -0.543975 -2.24269 -1.28619 -4.30713 -1.55997 2.04129
48 -0.782077 -2.26163 -1.25775 -4.3346 -1.5708 2.35952
49 1.77843 -2.12079 -1.49595 -4.23724 -1.5708 -1.36316
49 1.64547 -1.97906 -1.25221 -3.996 -1.60043 -1.4244
49 1.47546 -1.99979 -1.18672 -3.94094 -1.56195 -1.07531
49 1.30544 -2.02052 -1.12123 -3.88589 -1.52348 -0.726216
49 1.13543 -2.04125 -1.05574 -3.83083 -1.485 -0.377125
49 1.11449 -2.0438 -1.04767 -3.82405 -1.48027 -0.334131
49 0.937552 -2.06146 -1.25383 -4.09474 -1.59179 -0.320936
49 0.722598 -2.08648 -1.25432 -4.12472 -1.58916 0.0141203
49 0.507645 -2.1115 -1.25481 -4.1547 -1.58654 0.349177
49 0.292691 -2.13653 -1.2553 -4.18469 -1.58391 0.684233
49 0.0777374 -2.16155 -1.25579 -4.21467 -1.58129 1.01929
49 -0.137216 -2.18657 -1.25628 -4.24465 -1.57867 1.35435
49 -0.35217 -2.21159 -1.25677 -4.27463 -1.57604 1.6894
49 -0.567123 -2.23661 -1.25726 -4.30462 -1.57342 2.02446
49 -0.782077 -2.26163 -1.25775 -4.3346 -1.5708 2.35952
50 1.77843 -2.12079 -1.49595 -4.23724 -1.5708 -1.36316
50 1.54083 -2.09006 -1.52365 -4.00648 -1.38421 -1.24582
50 1.30887 -2.10672 -1.48186 -3.99674 -1.41694 -0.924885
50 1.42894 -2.01444 -1.1333 -3.89589 -1.38612 -0.858151
50 1.17736 -2.02505 -1.14896 -3.92659 -1.33429 -0.553644
50 0.925791 -2.03566 -1.16463 -3.95728 -1.28246 -0.249137
50 0.674218 -2.04628 -1.18029 -3.98798 -1.23064 0.0553701
50 0.448048 -2.05582 -1.19437 -4.01557 -1.18404 0.329128
50 0.509309 -2.16625 -1.40557 -4.15219 -1.46707 0.355185
50 0.294078 -2.18215 -1.38094 -4.18259 -1.48436 0.68924
50 0.0788467 -2.19804 -1.3563 -4.21299 -1.50164 1.0233
50 -0.136384 -2.21394 -1.33166 -4.24339 -1.51893 1.35735
50 -0.351615 -2.22983 -1.30703 -4.27379 -1.53622 1.69141
50 -0.566846 -2.24573 -1.28239 -4.3042 -1.55351 2.02546
50 -0.782077 -2.26163 -1.25775 -4.3346 -1.5708 2.35952
51 1.77843 -2.12079 -1.49595 -4.23724 -1.5708 -1.36316
51 1.55979 -2.13542 -1.44199 -4.24274 -1.58024 -1.03309
51 1.34114 -2.15005 -1.38802 -4.24824 -1.58969 -0.703011
51 1.20316 -2.09074 -1.14685 -3.99213 -1.47365 -0.718011
51 1.17894 -2.09189 -1.14113 -3.98896 -1.47684 -0.682511
51 0.956724 -2.10242 -1.08858 -3.9599 -1.5061 -0.356861
51 0.73451 -2.11295 -1.03604 -3.93084 -1.53536 -0.0312098
51 0.512296 -2.12348 -0.983494 -3.90177 -1.56462 0.294441
51 0.290082 -2.13401 -0.93095 -3.87271 -1.59387 0.620092
51 0.0678674 -2.14454 -0.878406 -3.84365 -1.62313 0.945742
51 -0.154347 -2.15507 -0.825862 -3.81458 -1.65239 1.27139
51 -0.376561 -2.1656 -0.773318 -3.78552 -1.68165 1.59704
51 -0.598775 -2.17613 -0.720773 -3.75646 -1.71091 1.92269
51 -0.583226 -2.11732 -0.867535 -4.08368 -1.62396 2.06457
51 -0.672691 -2.28481 -0.891003 -4.29886 -1.67669 2.33716
51 -0.782077 -2.26163 -1.25775 -4.3346 -1.5708 2.35952
52 1.77843 -2.12079 -1.49595 -4.23724 -1.5708 -1.36316
52 1.5355 -2.13819 -1.46049 -4.22396 -1.56778 -1.04814
52 1.29256 -2.1556 -1.42504 -4.21068 -1.56476 -0.73312
52 1.41646 -2.09662 -1.44492 -3.99904 -1.33298 -0.527546
52 1.23908 -2.08462 -1.20093 -4.00409 -1.25323 -0.277591
52 0.908204 -2.06286 -1.222 -3.83086 -1.12554 -0.220243
52 0.577326 -2.04109 -1.24307 -3.65763 -0.997853 -0.162895
52 0.246448 -2.01933 -1.26413 -3.4844 -0.870166 -0.105546
52 -0.0453024 -2.00013 -1.28271 -3.33165 -0.757578 -0.0549799
52 -0.0238392 -1.92431 -1.4779 -3.4284 -0.792098 0.26927
52 0.186269 -2.00567 -1.42969 -3.74023 -0.876515 0.319746
52 0.206204 -2.09998 -1.38485 -3.83536 -1.20248 0.502486
52 0.399815 -2.19136 -1.29577 -4.03898 -1.42237 0.630613
52 0.138174 -2.21574 -1.25738 -4.04926 -1.44538 0.928675
52 -0.123467 -2.24013 -1.21899 -4.05954 -1.46838 1.22674
52 -0.385108 -2.26451 -1.18061 -4.06982 -1.49139 1.5248
52 -0.646749 -2.28889 -1.14222 -4.0801 -1.51439 1.82286
52 -0.90839 -2.31327 -1.10383 -4.09038 -1.5374 2.12092
52 -0.782077 -2.26163 -1.25775 -4.3346 -1.5708 2.35952
53 1.77843 -2.12079 -1.49595 -4.23724 -1.5708 -1.36316
53 1.54392 -2.13491 -1.45588 -4.2466 -1.556 -1.04239
53 1.30941 -2.14903 -1.41582 -4.25596 -1.5412 -0.721624
53 1.16453 -2.01227 -1.28089 -3.98091 -1.37859 -0.719001
53 1.14786 -2.01531 -1.26744 -3.97512 -1.37367 -0.702271
53 0.912852 -2.05823 -1.07799 -3.89356 -1.30427 -0.466536
53 0.677847 -2.10115 -0.888541 -3.81199 -1.23487 -0.2308
53 0.643111 -2.15849 -0.997571 -4.10961 -1.40824 -0.0727189
53 0.693863 -2.15536 -1.30602 -4.13146 -1.53364 0.141918
53 0.458671 -2.17465 -1.26662 -4.16569 -1.51358 0.460015
53 0.223479 -2.19393 -1.22721 -4.19992 -1.49353 0.778112
53 -0.0117131 -2.21321 -1.1878 -4.23415 -1.47347 1.09621
53 -0.246905 -2.23249 -1.14839 -4.26838 -1.45341 1.41431
53 -0.482097 -2.25178 -1.10898 -4.30261 -1.43335 1.7324
53 -0.717289 -2.27106 -1.06957 -4.33684 -1.4133 2.0505
53 -0.782077 -2.26163 -1.25775 -4.3346 -1.5708 2.35952
54 1.77843 -2.12079 -1.49595 -4.23724 -1.5708 -1.36316
54 1.46434 -2.13845 -1.43438 -4.10482 -1.40782 -1.47783
54 1.26456 -2.14612 -1.40376 -4.0422 -1.37946 -1.13965
54 1.23661 -1.99507 -1.24341 -3.92302 -1.35533 -0.829966
54 0.989367 -2.07174 -1.19602 -3.98871 -1.39614 -0.538817
54 0.742124 -2.14841 -1.14863 -4.05439 -1.43695 -0.247668
54 0.494881 -2.22507 -1.10124 -4.12007 -1.47776 0.0434813
54 0.247639 -2.30174 -1.05385 -4.18576 -1.51857 0.334631
54 0.0664917 -2.35791 -1.01913 -4.23388 -1.54846 0.547946
54 0.22514 -2.2064 -1.33695 -4.23158 -1.49772 0.638982
54 0.0236969 -2.21744 -1.32111 -4.25218 -1.51234 0.983088
54 -0.177747 -2.22849 -1.30527 -4.27278 -1.52695 1.3272
54 -0.37919 -2.23954 -1.28943 -4.29339 -1.54157 1.6713
54 -0.580633 -2.25058 -1.27359 -4.31399 -1.55618 2.01541
54 -0.782077 -2.26163 -1.25775 -4.3346 -1.5708 2.35952
55 1.77843 -2.12079 -1.49595 -4.23724 -1.5708 -1.36316
55 1.56333 -2.1331 -1.47118 -4.23865 -1.54648 -1.02794
55 1.34823 -2.1454 -1.44642 -4.24005 -1.52216 -0.692715
55 1.3063 -2.05065 -1.35231 -4.13424 -1.26901 -0.437514
55 1.06078 -1.94642 -1.18663 -3.94505 -1.12747 -0.362803
55 1.00374 -1.96445 -1.1884 -3.94424 -1.11221 -0.271645
55 0.796513 -2.02992 -1.1948 -3.9413 -1.05675 0.0594835
55 0.830911 -2.10308 -1.32076 -4.16489 -1.27978 0.254056
55 0.605087 -2.12799 -1.30578 -4.17945 -1.28489 0.582569
55 0.379264 -2.1529 -1.29079 -4.19402 -1.29001 0.911082
55 0.15344 -2.1778 -1.27581 -4.20858 -1.29513 1.2396
55 -0.072383 -2.20271 -1.26082 -4.22314 -1.30024 1.56811
55 -0.298206 -2.22761 -1.24583 -4.2377 -1.30536 1.89662
55 -0.52403 -2.25252 -1.23085 -4.25226 -1.31048 2.22513
55 -0.782077 -2.26163 -1.25775 -4.3346 -1.5708 2.35952
56 1.77843 -2.12079 -1.49595 -4.23724 -1.5708 -1.36316
56 1.62878 -2.04017 -1.33799 -4.14836 -1.27799 -1.47504
56 1.43839 -2.06464 -1.30795 -4.08232 -1.28171 -1.13171
56 1.48223 -2.12399 -1.00714 -3.85078 -1.22059 -1.04974
56 1.48204 -2.12399 -1.0072 -3.85078 -1.22061 -1.04945
56 1.26904 -2.12971 -1.07614 -3.85914 -1.24485 -0.71901
56 1.05605 -2.13543 -1.14508 -3.86749 -1.2691 -0.388572
56 0.843052 -2.14115 -1.21402 -3.87584 -1.29334 -0.0581329
56 0.701905 -2.12531 -1.30714 -4.21996 -1.39056 -0.000812446
56 0.489908 -2.14478 -1.30009 -4.23634 -1.41631 0.336377
56 0.27791 -2.16426 -1.29303 -4.25271 -1.44206 0.673567
56 0.0659127 -2.18373 -1.28598 -4.26909 -1.46781 1.01076
56 -0.146085 -2.20321 -1.27892 -4.28547 -1.49355 1.34795
56 -0.358082 -2.22268 -1.27187 -4.30184 -1.5193 1.68514
56 -0.570079 -2.24215 -1.26481 -4.31822 -1.54505 2.02233
56 -0.782077 -2.26163 -1.25775 -4.3346 -1.5708 2.35952
57 1.77843 -2.12079 -1.49595 -4.23724 -1.5708 -1.36316
57 1.56346 -2.12839 -1.46088 -4.22064 -1.57278 -1.02817
57 1.34848 -2.13598 -1.42581 -4.20404 -1.57476 -0.693181
57 1.15114 -2.15367 -1.38016 -4.18669 -1.57795 -0.349162
57 1.29418 -2.11243 -1.36157 -3.85679 -1.45895 -0.228736
57 1.17544 -2.04598 -1.13299 -3.91698 -1.28733 0.00824151
57 0.976978 -2.12211 -1.27294 -3.77442 -1.42306 0.0740188
57 0.698973 -2.13059 -1.19527 -3.70223 -1.39159 0.339359
57 0.420967 -2.13908 -1.11759 -3.63003 -1.36013 0.6047
57 0.142961 -2.14756 -1.03992 -3.55784 -1.32867 0.870041
57 -0.135045 -2.15604 -0.962245 -3.48565 -1.2972 1.13538
57 -0.413051 -2.16452 -0.88457 -3.41345 -1.26574 1.40072
57 -0.223142 -2.20372 -0.96211 -3.52194 -1.49093 1.6329
57 -0.281206 -2.23411 -0.91404 -3.8566 -1.41562 1.82191
57 -0.230568 -2.27756 -1.06052 -4.06519 -1.60031 2.05954
57 -0.555421 -2.20324 -1.11524 -4.057 -1.59232 2.2736
57 -0.782077 -2.26163 -1.25775 -4.3346 -1.5708 2.35952
58 1.77843 -2.12079 -1.49595 -4.23724 -1.5708 -1.36316
58 1.56876 -2.12862 -1.46107 -4.22232 -1.56944 -1.02473
58 1.35909 -2.13646 -1.4262 -4.2074 -1.56808 -0.686294
58 1.14943 -2.14429 -1.39132 -4.19248 -1.56672 -0.347861
58 1.29176 -2.04502 -1.19461 -4.0907 -1.35606 -0.156937
58 1.20785 -2.04169 -1.13851 -3.82737 -1.15951 -0.34966
58 1.12267 -2.03832 -1.08157 -3.5601 -0.960011 -0.545266
58 0.928591 -2.03419 -0.993563 -3.38588 -0.87601 -0.267486
58 0.734506 -2.03005 -0.905556 -3.21167 -0.792008 0.0102948
58 0.540422 -2.02592 -0.817548 -3.03745 -0.708007 0.288075
58 0.346338 -2.02179 -0.729541 -2.86324 -0.624005 0.565856
58 0.152254 -2.01766 -0.641533 -2.68903 -0.540004 0.843636
58 -0.0418299 -2.01353 -0.553525 -2.51481 -0.456003 1.12142
58 -0.142171 -1.9153 -0.571712 -2.68678 -0.691276 1.35599
58 -0.320889 -1.96408 -0.719592 -2.92351 -0.890007 1.44696
58 -0.13751 -1.96094 -0.889434 -3.13427 -0.781124 1.65003
58 -0.176427 -2.09191 -0.971255 -3.4773 -0.878579 1.73646
58 -0.38488 -2.10767 -0.9137 -3.40183 -1.02917 2.02734
58 -0.450752 -2.04626 -0.948774 -3.53631 -1.18146 2.35807
58 -0.400771 -2.06092 -1.15341 -3.74055 -1.45104 2.32616
58 -0.521963 -2.20674 -1.11332 -4.07354 -1.5559 2.34998
58 -0.782077 -2.26163 -1.25775 -4.3346 -1.5708 2.35952
59 1.77843 -2.12079 -1.49595 -4.23724 -1.5708 -1.36316
59 1.87219 -1.96729 -1.46355 -4.01574 -1.29241 -1.3574
59 1.88994 -2.01911 -1.25979 -3.75874 -1.08389 -1.43454
59 1.74168 -1.99441 -1.28968 -3.79561 -1.15226 -1.15281
59 1.56196 -1.96448 -1.32591 -3.8403 -1.23514 -0.811306
59 1.38224 -1.93454 -1.36215 -3.885 -1.31801 -0.469802
59 1.20252 -1.90461 -1.39838 -3.92969 -1.40089 -0.128297
59 1.0228 -1.87468 -1.43462 -3.97438 -1.48377 0.213208
59 0.806885 -2.10927 -1.2742 -4.12208 -1.37983 0.213663
59 0.584696 -2.13888 -1.23471 -4.14427 -1.39806 0.541338
59 0.362506 -2.16849 -1.19522 -4.16645 -1.4163 0.869013
59 0.140317 -2.1981 -1.15573 -4.18863 -1.43453 1.19669
59 -0.0818727 -2.22771 -1.11624 -4.21081 -1.45276 1.52436
59 -0.304062 -2.25733 -1.07674 -4.23299 -1.47099 1.85204
59 -0.526252 -2.28694 -1.03725 -4.25517 -1.48923 2.17971
59 -0.782077 -2.26163 -1.25775 -4.3346 -1.5708 2.35952
