0 1.77843 -2.12079 -1.49595 -4.23724 -1.5708 -1.36316
0 1.72731 -1.92663 -1.40455 -3.96393 -1.39445 -1.43756
0 1.52462 -1.94162 -1.36167 -3.92669 -1.36831 -1.09876
0 1.32194 -1.9566 -1.31879 -3.88945 -1.34218 -0.759962
0 1.11926 -1.97159 -1.27591 -3.8522 -1.31604 -0.421162
0 0.916571 -1.98658 -1.23303 -3.81496 -1.28991 -0.0823623
0 0.872974 -1.9898 -1.2238 -3.80695 -1.28429 -0.00948832
0 0.75056 -2.05702 -1.34741 -4.10821 -1.46309 0.0404061
0 0.531612 -2.08625 -1.3346 -4.14055 -1.47847 0.371708
0 0.312664 -2.11548 -1.3218 -4.17289 -1.49386 0.703009
0 0.0937155 -2.14471 -1.30899 -4.20523 -1.50925 1.03431
0 -0.125233 -2.17394 -1.29618 -4.23758 -1.52464 1.36561
0 -0.344181 -2.20317 -1.28337 -4.26992 -1.54002 1.69691
0 -0.563129 -2.2324 -1.27056 -4.30226 -1.55541 2.02821
0 -0.782077 -2.26163 -1.25775 -4.3346 -1.5708 2.35952
1 1.77843 -2.12079 -1.49595 -4.23724 -1.5708 -1.36316
1 1.53357 -2.13063 -1.47485 -4.23934 -1.5852 -1.04806
1 1.2887 -2.14046 -1.45376 -4.24143 -1.59961 -0.73296
1 1.41291 -2.09634 -1.17997 -4.14977 -1.58188 -0.490173
1 1.24755 -2.02704 -1.15706 -3.94316 -1.29601 -0.436155
1 1.18373 -2.04114 -1.16354 -3.97469 -1.33929 -0.348336
1 0.974536 -2.08738 -1.18478 -4.07803 -1.48114 -0.0604994
1 0.765343 -2.13361 -1.20601 -4.18137 -1.62298 0.227337
1 0.498024 -2.14899 -1.21676 -4.19441 -1.63995 0.52353
1 0.230706 -2.16437 -1.22751 -4.20746 -1.65692 0.819723
1 -0.0366135 -2.17976 -1.23826 -4.2205 -1.67388 1.11592
1 -0.303932 -2.19514 -1.24901 -4.23355 -1.69085 1.41211
1 -0.571251 -2.21052 -1.25976 -4.24659 -1.70781 1.7083
1 -0.83857 -2.22591 -1.27051 -4.25964 -1.72478 2.0045
1 -0.782077 -2.26163 -1.25775 -4.3346 -1.5708 2.35952
2 1.77843 -2.12079 -1.49595 -4.23724 -1.5708 -1.36316
2 1.55579 -2.11833 -1.46001 -4.22587 -1.57897 -1.03311
2 1.33314 -2.11587 -1.42406 -4.21449 -1.58715 -0.703054
2 1.2526 -1.98301 -1.39374 -3.88806 -1.63569 -0.54171
2 1.13123 -1.9827 -1.37208 -3.89308 -1.62666 -0.413598
2 0.858637 -1.982 -1.32343 -3.90434 -1.60639 -0.125867
2 0.586046 -1.98131 -1.27478 -3.91561 -1.58611 0.161865
2 0.313456 -1.98061 -1.22613 -3.92687 -1.56584 0.449596
2 0.0408649 -1.97991 -1.17748 -3.93814 -1.54557 0.737327
2 -0.231726 -1.97921 -1.12883 -3.9494 -1.52529 1.02506
2 -0.504317 -1.97851 -1.08018 -3.96067 -1.50502 1.31279
2 -0.776907 -1.97781 -1.03153 -3.97193 -1.48475 1.60052
2 -0.615669 -2.12088 -0.965024 -3.92693 -1.47786 1.92768
2 -0.620734 -2.09426 -1.10865 -4.11467 -1.65891 2.19341
2 -0.782077 -2.26163 -1.25775 -4.3346 -1.5708 2.35952
3 1.77843 -2.12079 -1.49595 -4.23724 -1.5708 -1.36316
3 1.54848 -2.12856 -1.46686 -4.22522 -1.54495 -1.0385
3 1.31852 -2.13633 -1.43777 -4.21319 -1.51909 -0.713849
3 1.4442 -2.12243 -1.38843 -3.96182 -1.5062 -0.434168
3 1.51424 -1.97235 -1.49828 -3.86659 -1.44869 -0.105339
3 1.72153 -1.78406 -1.35072 -3.94021 -1.23738 -0.00670659
3 1.60739 -1.81476 -1.34653 -3.94325 -1.26588 -0.0406154
3 1.24599 -1.91195 -1.33326 -3.95286 -1.35614 -0.147981
3 0.884586 -2.00914 -1.31999 -3.96248 -1.44639 -0.255346
3 0.725823 -2.01647 -1.25474 -3.90043 -1.39432 0.0966778
3 0.56706 -2.0238 -1.18949 -3.83837 -1.34224 0.448702
3 0.408297 -2.03113 -1.12425 -3.77632 -1.29017 0.800726
3 0.249534 -2.03846 -1.059 -3.71427 -1.23809 1.15275
3 0.0907709 -2.0458 -0.993752 -3.65221 -1.18601 1.50477
3 -0.0679922 -2.05313 -0.928505 -3.59016 -1.13394 1.8568
3 -0.226755 -2.06046 -0.863258 -3.52811 -1.08186 2.20882
3 -0.480363 -2.14401 -1.05207 -3.67108 -0.918504 2.13185
3 -0.676576 -2.09373 -1.15428 -3.81617 -1.09043 2.3725
3 -0.855223 -2.2098 -1.16282 -4.0995 -1.27473 2.35509
3 -0.782077 -2.26163 -1.25775 -4.3346 -1.5708 2.35952
4 1.77843 -2.12079 -1.49595 -4.23724 -1.5708 -1.36316
4 1.54558 -2.12767 -1.47246 -4.23069 -1.56122 -1.03905
4 1.31273 -2.13455 -1.44897 -4.22414 -1.55164 -0.71494
4 1.33266 -2.09007 -1.22813 -4.00211 -1.30811 -0.69921
4 1.03279 -2.08028 -1.15247 -3.95586 -1.36863 -0.45744
4 0.732911 -2.07048 -1.0768 -3.90962 -1.42916 -0.21567
4 0.532292 -2.06393 -1.02619 -3.87868 -1.46966 -0.053923
4 0.746231 -2.12029 -1.2344 -4.05097 -1.35572 0.104296
4 0.511086 -2.13241 -1.23692 -4.07056 -1.37481 0.426484
4 0.275941 -2.14452 -1.23944 -4.09015 -1.39391 0.748673
4 0.0407967 -2.15664 -1.24195 -4.10974 -1.413 1.07086
4 -0.194348 -2.16876 -1.24447 -4.12934 -1.43209 1.39305
4 -0.429493 -2.18087 -1.24699 -4.14893 -1.45119 1.71524
4 -0.664638 -2.19299 -1.24951 -4.16852 -1.47028 2.03743
4 -0.782077 -2.26163 -1.25775 -4.3346 -1.5708 2.35952
5 1.77843 -2.12079 -1.49595 -4.23724 -1.5708 -1.36316
5 1.55146 -2.12233 -1.48272 -4.21517 -1.55966 -1.03499
5 1.32449 -2.12386 -1.46949 -4.19309 -1.54852 -0.706819
5 1.31707 -2.05513 -1.29895 -3.87489 -1.39202 -0.686882
5 1.15512 -2.15042 -1.13428 -3.68979 -1.50478 -0.461938
5 0.994411 -2.03573 -1.27471 -3.81759 -1.37235 -0.266209
5 0.752954 -2.02121 -1.25658 -3.77471 -1.35763 0.048598
5 0.511496 -2.0067 -1.23845 -3.73183 -1.3429 0.363405
5 0.270039 -1.99218 -1.22032 -3.68895 -1.32818 0.678211
5 0.0285814 -1.97766 -1.20218 -3.64607 -1.31346 0.993018
5 -0.212876 -1.96314 -1.18405 -3.60319 -1.29874 1.30782
5 -0.454333 -1.94863 -1.16592 -3.5603 -1.28401 1.62263
5 -0.695791 -1.93411 -1.14778 -3.51742 -1.26929 1.93744
5 -0.713872 -2.00215 -1.27789 -3.69345 -1.25611 2.26448
5 -0.79489 -2.13821 -1.34595 -3.98693 -1.4445 2.35756
5 -0.782077 -2.26163 -1.25775 -4.3346 -1.5708 2.35952
6 1.77843 -2.12079 -1.49595 -4.23724 -1.5708 -1.36316
6 1.53231 -2.11725 -1.47249 -4.23668 -1.57451 -1.04876
6 1.28619 -2.1137 -1.44904 -4.23612 -1.57823 -0.734361
6 1.25084 -2.09196 -1.24772 -3.97731 -1.40145 -0.59465
6 1.03904 -1.8629 -1.11818 -3.96524 -1.26744 -0.761353
6 0.96485 -1.96499 -1.17593 -3.99081 -1.34424 -0.477767
6 0.873803 -2.09028 -1.2468 -4.02219 -1.43849 -0.12974
6 0.623034 -2.08916 -1.24618 -4.05205 -1.46312 0.179477
6 0.372264 -2.08805 -1.24556 -4.0819 -1.48776 0.488693
6 0.121494 -2.08693 -1.24494 -4.11175 -1.5124 0.79791
6 -0.129276 -2.08582 -1.24432 -4.1416 -1.53703 1.10713
6 -0.380045 -2.0847 -1.2437 -4.17145 -1.56167 1.41634
6 -0.630815 -2.08359 -1.24308 -4.20131 -1.58631 1.72556
6 -0.881585 -2.08247 -1.24247 -4.23116 -1.61094 2.03478
6 -0.782077 -2.26163 -1.25775 -4.3346 -1.5708 2.35952
7 1.77843 -2.12079 -1.49595 -4.23724 -1.5708 -1.36316
7 1.52896 -2.12516 -1.47602 -4.23664 -1.56799 -1.05117
7 1.27949 -2.12953 -1.4561 -4.23605 -1.56518 -0.739172
7 1.28571 -1.82582 -1.32732 -4.09109 -1.50812 -0.575251
7 1.1682 -1.82273 -1.27228 -4.05432 -1.47863 -0.489936
7 0.87862 -1.81512 -1.13665 -3.96372 -1.40596 -0.279696
7 0.589043 -1.80751 -1.00101 -3.87312 -1.33329 -0.0694553
7 0.299466 -1.79991 -0.865375 -3.78252 -1.26062 0.140785
7 0.00988972 -1.7923 -0.72974 -3.69191 -1.18795 0.351025
7 -0.279687 -1.78469 -0.594105 -3.60131 -1.11529 0.561266
7 -0.298081 -1.73462 -0.76561 -3.69932 -1.01147 0.888917
7 -0.358798 -1.85888 -0.881701 -3.73732 -0.980731 1.24248
7 -0.617578 -1.84921 -1.06221 -3.74946 -0.96661 1.48745
7 -0.903523 -1.92295 -1.13359 -3.73765 -1.22527 1.51311
7 -0.941237 -2.10828 -1.06518 -3.9713 -1.18205 1.76427
7 -1.01711 -1.98456 -1.32736 -4.18184 -1.21787 1.92108
7 -0.921779 -2.16806 -1.28029 -4.23076 -1.54042 2.0138
7 -0.782077 -2.26163 -1.25775 -4.3346 -1.5708 2.35952
8 1.77843 -2.12079 -1.49595 -4.23724 -1.5708 -1.36316
8 1.54643 -2.11779 -1.47411 -4.24004 -1.54148 -1.0394
8 1.31442 -2.11479 -1.45228 -4.24284 -1.51217 -0.71564
8 1.27578 -2.12141 -1.29939 -3.98789 -1.45545 -0.457047
8 1.43415 -1.99022 -1.26907 -3.77818 -1.20194 -0.364615
8 1.37239 -2.04725 -1.15861 -3.52553 -0.924987 -0.350492
8 1.31622 -2.04817 -1.15675 -3.51479 -0.982593 -0.334145
8 1.04495 -2.05262 -1.14778 -3.46292 -1.26078 -0.255202
8 0.773675 -2.05707 -1.1388 -3.41104 -1.53897 -0.176259
8 0.776975 -2.18329 -1.20776 -3.7499 -1.63208 -0.0505295
8 0.859345 -2.14979 -1.29096 -4.05805 -1.47879 0.112923
8 0.624856 -2.16576 -1.28622 -4.09756 -1.49194 0.433865
8 0.390367 -2.18174 -1.28147 -4.13706 -1.50508 0.754807
8 0.155878 -2.19772 -1.27673 -4.17657 -1.51822 1.07575
8 -0.0786104 -2.2137 -1.27199 -4.21608 -1.53137 1.39669
8 -0.313099 -2.22967 -1.26724 -4.25559 -1.54451 1.71763
8 -0.547588 -2.24565 -1.2625 -4.29509 -1.55765 2.03857
8 -0.782077 -2.26163 -1.25775 -4.3346 -1.5708 2.35952
9 1.77843 -2.12079 -1.49595 -4.23724 -1.5708 -1.36316
9 1.55244 -2.12895 -1.47587 -4.22386 -1.55245 -1.03462
9 1.32644 -2.13711 -1.45579 -4.21048 -1.53411 -0.706072
9 1.33475 -2.05319 -1.37158 -3.9628 -1.43708 -0.432148
9 1.30516 -1.88161 -1.24923 -3.64608 -1.33925 -0.362597
9 1.1296 -1.96891 -1.24949 -3.67945 -1.42577 -0.181675
9 0.88097 -2.09254 -1.24985 -3.72671 -1.5483 0.074549
9 0.73079 -2.08739 -1.42817 -3.98563 -1.3991 0.202306
9 0.501765 -2.10753 -1.4036 -4.00367 -1.39495 0.528183
9 0.27274 -2.12768 -1.37903 -4.02171 -1.39081 0.85406
9 0.0437156 -2.14782 -1.35447 -4.03975 -1.38666 1.17994
9 -0.185309 -2.16796 -1.3299 -4.05778 -1.38252 1.50581
9 -0.414334 -2.1881 -1.30533 -4.07582 -1.37837 1.83169
9 -0.643358 -2.20824 -1.28077 -4.09386 -1.37422 2.15757
9 -0.782077 -2.26163 -1.25775 -4.3346 -1.5708 2.35952
10 1.77843 -2.12079 -1.49595 -4.23724 -1.5708 -1.36316
10 1.83708 -1.93659 -1.5112 -4.08287 -1.4366 -1.07933
10 1.59343 -1.94079 -1.44048 -4.09022 -1.46051 -0.771129
10 1.34979 -1.94499 -1.36976 -4.09758 -1.48443 -0.462924
10 1.10614 -1.94919 -1.29903 -4.10493 -1.50835 -0.154718
10 0.86249 -1.95339 -1.22831 -4.11228 -1.53227 0.153487
10 0.618843 -1.95759 -1.15759 -4.11964 -1.55618 0.461692
10 0.375195 -1.96179 -1.08687 -4.12699 -1.5801 0.769898
10 0.153381 -1.96561 -1.02249 -4.13368 -1.60188 1.05048
10 0.180924 -2.14212 -1.35094 -4.24204 -1.52145 1.09513
10 -0.0598261 -2.172 -1.32764 -4.26518 -1.53379 1.41123
10 -0.300576 -2.20187 -1.30435 -4.28832 -1.54613 1.72732
10 -0.541327 -2.23175 -1.28105 -4.31146 -1.55846 2.04342
10 -0.782077 -2.26163 -1.25775 -4.3346 -1.5708 2.35952
11 1.77843 -2.12079 -1.49595 -4.23724 -1.5708 -1.36316
11 1.55412 -2.13275 -1.45832 -4.23455 -1.56067 -1.03451
11 1.3298 -2.14471 -1.42069 -4.23186 -1.55053 -0.705854
11 1.1232 -2.01739 -1.18357 -4.24452 -1.40868 -0.549002
11 0.99344 -2.02683 -1.17891 -4.19936 -1.42592 -0.35588
11 0.775237 -2.04269 -1.17108 -4.12341 -1.4549 -0.0311248
11 0.557034 -2.05856 -1.16325 -4.04746 -1.48388 0.29363
11 0.33883 -2.07443 -1.15541 -3.97151 -1.51286 0.618386
11 0.120627 -2.09029 -1.14758 -3.89556 -1.54184 0.943141
11 -0.0975763 -2.10616 -1.13975 -3.81961 -1.57082 1.2679
11 -0.31578 -2.12202 -1.13191 -3.74366 -1.5998 1.59265
11 -0.533983 -2.13789 -1.12408 -3.66771 -1.62878 1.91741
11 -0.391812 -2.10865 -1.20705 -3.92755 -1.56015 2.16199
11 -0.583978 -2.24672 -1.09963 -4.2089 -1.4641 2.09808
11 -0.782077 -2.26163 -1.25775 -4.3346 -1.5708 2.35952
12 1.77843 -2.12079 -1.49595 -4.23724 -1.5708 -1.36316
12 1.6535 -2.00242 -1.31757 -4.08957 -1.31048 -1.26836
12 1.45993 -2.02106 -1.27531 -4.08436 -1.32745 -0.921833
12 1.26636 -2.0397 -1.23306 -4.07915 -1.34443 -0.575302
12 1.0728 -2.05834 -1.1908 -4.07394 -1.3614 -0.228771
12 0.879231 -2.07699 -1.14855 -4.06873 -1.37838 0.11776
12 0.685665 -2.09563 -1.10629 -4.06352 -1.39535 0.464291
12 0.492099 -2.11427 -1.06404 -4.05831 -1.41233 0.810822
12 0.298533 -2.13291 -1.02178 -4.0531 -1.4293 1.15735
12 0.289913 -2.13374 -1.0199 -4.05287 -1.43006 1.17278
12 0.105143 -2.1672 -1.27954 -4.24534 -1.47597 1.03797
12 -0.116662 -2.19081 -1.2741 -4.26766 -1.49968 1.36835
12 -0.338467 -2.21442 -1.26865 -4.28997 -1.52338 1.69874
12 -0.560272 -2.23802 -1.2632 -4.31228 -1.54709 2.02913
12 -0.782077 -2.26163 -1.25775 -4.3346 -1.5708 2.35952
13 1.77843 -2.12079 -1.49595 -4.23724 -1.5708 -1.36316
13 1.55593 -2.13282 -1.46275 -4.22061 -1.55093 -1.03365
13 1.33343 -2.14486 -1.42955 -4.20397 -1.53106 -0.704148
13 1.26402 -1.95117 -1.453 -3.97438 -1.56319 -0.452408
13 0.908266 -1.96954 -1.33164 -3.85367 -1.57098 -0.391235
13 0.909854 -1.97318 -1.33843 -3.86781 -1.56626 -0.347376
13 0.923371 -2.00413 -1.39626 -3.98817 -1.52606 0.0260052
13 0.693872 -2.03981 -1.35803 -3.99746 -1.50105 0.348316
13 0.464374 -2.07549 -1.31981 -4.00675 -1.47604 0.670627
13 0.234875 -2.11118 -1.28158 -4.01603 -1.45103 0.992937
13 0.00537665 -2.14686 -1.24336 -4.02532 -1.42602 1.31525
13 -0.224122 -2.18254 -1.20514 -4.03461 -1.401 1.63756
13 -0.45362 -2.21822 -1.16691 -4.0439 -1.37599 1.95987
13 -0.683119 -2.2539 -1.12869 -4.05319 -1.35098 2.28218
13 -0.782077 -2.26163 -1.25775 -4.3346 -1.5708 2.35952
14 1.77843 -2.12079 -1.49595 -4.23724 -1.5708 -1.36316
14 1.49672 -2.13571 -1.37526 -4.13119 -1.54646 -1.13077
14 1.25062 -2.1392 -1.3349 -4.1337 -1.52995 -0.818493
14 1.26749 -2.1332 -1.1299 -4.15811 -1.19104 -0.865415
14 1.34672 -2.13942 -1.0156 -3.84025 -1.07578 -1.02759
14 1.3127 -2.1284 -1.02043 -3.82083 -1.08894 -1.00216
14 1.04049 -2.04022 -1.05906 -3.66547 -1.19424 -0.798686
14 0.768269 -1.95203 -1.0977 -3.51011 -1.29954 -0.595209
14 0.496052 -1.86384 -1.13633 -3.35475 -1.40485 -0.391732
14 0.541489 -1.85584 -1.30374 -3.6744 -1.43548 -0.228235
14 0.515481 -2.03168 -1.3631 -3.99062 -1.58655 -0.182839
14 0.745515 -2.17722 -1.33652 -4.19824 -1.55448 0.0197995
14 0.527288 -2.18928 -1.32527 -4.21772 -1.55681 0.354045
14 0.30906 -2.20133 -1.31402 -4.2372 -1.55914 0.68829
14 0.090833 -2.21339 -1.30276 -4.25668 -1.56147 1.02254
14 -0.127394 -2.22545 -1.29151 -4.27616 -1.5638 1.35678
14 -0.345622 -2.23751 -1.28026 -4.29564 -1.56613 1.69103
14 -0.563849 -2.24957 -1.26901 -4.31512 -1.56847 2.02527
14 -0.782077 -2.26163 -1.25775 -4.3346 -1.5708 2.35952
15 1.77843 -2.12079 -1.49595 -4.23724 -1.5708 -1.36316
15 1.6771 -1.86812 -1.55569 -4.19242 -1.83169 -1.2525
15 1.45364 -1.91343 -1.48124 -4.16522 -1.76876 -0.939821
15 1.23018 -1.95875 -1.40678 -4.13802 -1.70583 -0.627142
15 1.13084 -1.94348 -1.20034 -3.91317 -1.52908 -0.467518
15 1.10935 -1.94942 -1.20091 -3.92004 -1.52966 -0.438374
15 0.87918 -2.01302 -1.20702 -3.99365 -1.53592 -0.126156
15 0.649006 -2.07661 -1.21313 -4.06727 -1.54217 0.186062
15 0.557008 -2.04735 -1.41999 -4.25718 -1.71286 0.39268
15 0.333827 -2.08306 -1.39295 -4.27008 -1.68918 0.720486
15 0.110646 -2.11878 -1.36591 -4.28299 -1.6655 1.04829
15 -0.112535 -2.15449 -1.33887 -4.29589 -1.64183 1.3761
15 -0.335715 -2.1902 -1.31183 -4.30879 -1.61815 1.7039
15 -0.558896 -2.22592 -1.28479 -4.3217 -1.59447 2.03171
15 -0.782077 -2.26163 -1.25775 -4.3346 -1.5708 2.35952
16 1.77843 -2.12079 -1.49595 -4.23724 -1.5708 -1.36316
16 1.53716 -2.13512 -1.45614 -4.24416 -1.55811 -1.04727
16 1.29588 -2.14945 -1.41632 -4.25107 -1.54541 -0.731379
16 1.36824 -2.07931 -1.37633 -4.05261 -1.48032 -0.407925
16 1.28736 -2.05845 -1.34835 -3.83449 -1.34851 -0.112473
16 1.33624 -1.97638 -1.08522 -3.6549 -1.41939 0.0981415
16 1.34784 -1.9569 -1.0228 -3.6123 -1.4362 0.148106
16 1.21169 -2.03894 -1.32218 -3.63042 -1.22518 0.163958
16 0.855548 -2.08623 -1.2421 -3.70938 -1.20357 0.0304903
16 0.604543 -2.08961 -1.17639 -3.54134 -1.06808 0.245132
16 0.353538 -2.093 -1.11067 -3.3733 -0.932593 0.459774
16 0.102533 -2.09639 -1.04495 -3.20526 -0.797102 0.674416
16 -0.148472 -2.09977 -0.979234 -3.03722 -0.661611 0.889058
16 -0.399477 -2.10316 -0.913517 -2.86918 -0.52612 1.1037
16 -0.398331 -2.17838 -0.840998 -3.06521 -0.637849 1.41703
16 -0.588062 -2.1461 -0.960836 -3.11156 -0.927373 1.56745
16 -0.686916 -2.13625 -0.897199 -3.28826 -1.25206 1.47029
16 -0.765765 -2.13959 -0.967671 -3.34339 -1.41627 1.81497
16 -0.87169 -2.09229 -1.09071 -3.70228 -1.43959 1.8604
16 -0.711337 -2.17125 -1.01513 -3.96119 -1.3293 2.0681
16 -0.81995 -2.27509 -1.0672 -4.31171 -1.43412 2.03878
16 -0.782077 -2.26163 -1.25775 -4.3346 -1.5708 2.35952
17 1.77843 -2.12079 -1.49595 -4.23724 -1.5708 -1.36316
17 1.5479 -2.11682 -1.4536 -4.23022 -1.56025 -1.0393
17 1.31737 -2.11285 -1.41125 -4.2232 -1.5497 -0.715442
17 1.2257 -1.95142 -1.39968 -3.95761 -1.51326 -0.484051
17 1.12669 -1.95104 -1.35924 -3.93828 -1.50347 -0.377009
17 0.867591 -1.95005 -1.25342 -3.88768 -1.47785 -0.0969105
17 0.608496 -1.94905 -1.14761 -3.83708 -1.45223 0.183188
17 0.3494 -1.94805 -1.04179 -3.78649 -1.42661 0.463286
17 0.0903036 -1.94706 -0.93598 -3.73589 -1.40099 0.743385
17 -0.168792 -1.94606 -0.830165 -3.68529 -1.37537 1.02348
17 -0.427888 -1.94506 -0.724351 -3.6347 -1.34974 1.30358
17 -0.686984 -1.94407 -0.618536 -3.5841 -1.32412 1.58368
17 -0.533136 -2.04994 -0.745262 -3.66307 -1.36884 1.90121
17 -0.644406 -2.16509 -0.735038 -3.93504 -1.43844 2.13668
17 -0.748054 -2.07729 -1.03184 -4.16028 -1.45517 2.18612
17 -0.782077 -2.26163 -1.25775 -4.3346 -1.5708 2.35952
18 1.77843 -2.12079 -1.49595 -4.23724 -1.5708 -1.36316
18 1.47554 -2.03053 -1.37645 -4.25617 -1.59181 -1.15096
18 1.54505 -2.02329 -1.06052 -4.03267 -1.61099 -1.22157
18 1.49381 -2.01312 -1.0898 -4.04122 -1.61247 -1.15106
18 1.27323 -1.96933 -1.21584 -4.07804 -1.61884 -0.847512
18 1.05264 -1.92553 -1.34188 -4.11485 -1.62521 -0.543962
18 0.832058 -1.88174 -1.46792 -4.15166 -1.63159 -0.240412
18 0.729254 -2.10692 -1.33722 -4.28209 -1.58486 0.00947843
18 0.51335 -2.12902 -1.32586 -4.28959 -1.58285 0.345198
18 0.297445 -2.15112 -1.31451 -4.2971 -1.58084 0.680918
18 0.0815409 -2.17322 -1.30316 -4.3046 -1.57883 1.01664
18 -0.134364 -2.19533 -1.29181 -4.3121 -1.57682 1.35236
18 -0.350268 -2.21743 -1.28046 -4.3196 -1.57482 1.68808
18 -0.566172 -2.23953 -1.26911 -4.3271 -1.57281 2.0238
18 -0.782077 -2.26163 -1.25775 -4.3346 -1.5708 2.35952
19 1.77843 -2.12079 -1.49595 -4.23724 -1.5708 -1.36316
19 1.81553 -1.94594 -1.44812 -3.96228 -1.41123 -1.52031
19 1.64 -1.96652 -1.29548 -3.88524 -1.34499 -1.26237
19 1.44631 -1.98924 -1.12704 -3.80023 -1.27188 -0.977727
19 1.25261 -2.01195 -0.958593 -3.71521 -1.19878 -0.693083
19 1.05892 -2.03466 -0.790151 -3.6302 -1.12568 -0.408439
19 0.865224 -2.05737 -0.621708 -3.54518 -1.05258 -0.123795
19 0.794445 -2.10044 -0.731371 -3.64693 -1.31931 0.120358
19 0.602403 -2.23914 -1.03713 -3.71238 -1.38938 0.155002
19 0.676465 -2.19509 -1.26302 -4.00525 -1.45733 0.260649
19 0.426664 -2.2001 -1.26102 -4.01534 -1.44585 0.572637
19 0.176863 -2.2051 -1.25903 -4.02544 -1.43436 0.884625
19 -0.0729376 -2.21011 -1.25704 -4.03553 -1.42288 1.19661
19 -0.322738 -2.21512 -1.25504 -4.04563 -1.4114 1.5086
19 -0.572539 -2.22012 -1.25305 -4.05572 -1.39992 1.82059
19 -0.82234 -2.22513 -1.25106 -4.06582 -1.38843 2.13258
19 -0.782077 -2.26163 -1.25775 -4.3346 -1.5708 2.35952
20 1.77843 -2.12079 -1.49595 -4.23724 -1.5708 -1.36316
20 1.61856 -1.95224 -1.33899 -3.97669 -1.58406 -1.24768
20 1.37725 -1.96444 -1.31898 -3.961 -1.55105 -0.931636
20 1.13594 -1.97664 -1.29898 -3.9453 -1.51804 -0.615593
20 0.894624 -1.98884 -1.27897 -3.9296 -1.48503 -0.29955
20 0.653312 -2.00104 -1.25897 -3.9139 -1.45202 0.0164929
20 0.411999 -2.01324 -1.23896 -3.8982 -1.41902 0.332536
20 0.170686 -2.02544 -1.21896 -3.8825 -1.38601 0.648579
20 0.167537 -2.0256 -1.2187 -3.8823 -1.38558 0.652704
20 0.319252 -2.11969 -1.29502 -4.1704 -1.57688 0.704661
20 0.0989865 -2.14808 -1.28757 -4.20324 -1.57566 1.03563
20 -0.121279 -2.17647 -1.28011 -4.23608 -1.57445 1.3666
20 -0.341545 -2.20485 -1.27266 -4.26892 -1.57323 1.69757
20 -0.561811 -2.23324 -1.26521 -4.30176 -1.57201 2.02854
20 -0.782077 -2.26163 -1.25775 -4.3346 -1.5708 2.35952
21 1.77843 -2.12079 -1.49595 -4.23724 -1.5708 -1.36316
21 1.57317 -2.13555 -1.45876 -4.23822 -1.57103 -1.02218
21 1.36791 -2.15031 -1.42157 -4.23921 -1.57127 -0.681203
21 1.17762 -1.93016 -1.26552 -4.06205 -1.57308 -0.821164
21 1.17592 -1.9298 -1.26499 -4.0602 -1.5718 -0.817309
21 1.03513 -1.89953 -1.22069 -3.90618 -1.46531 -0.497566
21 0.894329 -1.86925 -1.17639 -3.75216 -1.35881 -0.177824
21 0.753533 -1.83898 -1.13209 -3.59814 -1.25232 0.141918
21 0.612737 -1.8087 -1.08779 -3.44412 -1.14583 0.461661
21 0.471941 -1.77843 -1.04349 -3.29011 -1.03933 0.781403
21 0.331145 -1.74815 -0.999186 -3.13609 -0.932842 1.10115
21 0.135059 -1.83291 -0.938983 -3.16775 -0.870889 1.42657
21 -0.0668904 -1.89088 -1.19763 -3.20633 -0.881481 1.64419
21 -0.14688 -1.97179 -1.10351 -3.419 -1.18606 1.65841
21 -0.257875 -1.9847 -1.00023 -3.64608 -1.22519 1.9478
21 -0.0991631 -2.08342 -0.879997 -3.87436 -1.46173 1.99833
21 -0.269456 -2.06715 -1.0504 -4.13378 -1.64129 2.04474
21 -0.431182 -2.27968 -1.09559 -4.2478 -1.57336 2.30746
21 -0.782077 -2.26163 -1.25775 -4.3346 -1.5708 2.35952
22 1.77843 -2.12079 -1.49595 -4.23724 -1.5708 -1.36316
22 1.57568 -2.11276 -1.45923 -4.21178 -1.53044 -1.02375
22 1.37292 -2.10473 -1.4225 -4.18631 -1.49008 -0.684338
22 1.28583 -2.07617 -1.36111 -4.05967 -1.23922 -0.421927
22 1.41953 -2.09278 -1.14616 -3.76758 -1.16315 -0.354536
22 1.34943 -2.08359 -1.19082 -3.77925 -1.1421 -0.355881
22 1.02725 -2.04132 -1.39611 -3.83287 -1.04536 -0.362062
22 0.825536 -2.20737 -1.28284 -3.86736 -1.17928 -0.117553
22 0.728422 -2.16647 -1.39825 -4.13868 -1.38429 0.0236152
22 0.512636 -2.18006 -1.37818 -4.16667 -1.41094 0.357315
22 0.296851 -2.19366 -1.35811 -4.19466 -1.43758 0.691015
22 0.0810653 -2.20725 -1.33804 -4.22265 -1.46422 1.02472
22 -0.13472 -2.22085 -1.31797 -4.25063 -1.49087 1.35842
22 -0.350506 -2.23444 -1.2979 -4.27862 -1.51751 1.69212
22 -0.566291 -2.24803 -1.27782 -4.30661 -1.54415 2.02582
22 -0.782077 -2.26163 -1.25775 -4.3346 -1.5708 2.35952
23 1.77843 -2.12079 -1.49595 -4.23724 -1.5708 -1.36316
23 1.53756 -2.12046 -1.45545 -4.2441 -1.58129 -1.04664
23 1.2963 -2.04684 -1.2562 -4.20315 -1.46719 -1.25153
23 1.10098 -2.05329 -1.23789 -4.21309 -1.48711 -0.947066
23 0.885713 -2.06039 -1.21771 -4.22405 -1.50906 -0.611508
23 0.670442 -2.0675 -1.19754 -4.235 -1.53101 -0.27595
23 0.455172 -2.0746 -1.17736 -4.24596 -1.55297 0.0596078
23 0.239901 -2.08171 -1.15718 -4.25692 -1.57492 0.395166
23 0.0246306 -2.08881 -1.13701 -4.26787 -1.59687 0.730724
23 -0.19064 -2.09592 -1.11683 -4.27883 -1.61882 1.06628
23 -0.40591 -2.10302 -1.09666 -4.28978 -1.64078 1.40184
23 -0.621181 -2.11013 -1.07648 -4.30074 -1.66273 1.7374
23 -0.836452 -2.11723 -1.0563 -4.3117 -1.68468 2.07296
23 -0.782077 -2.26163 -1.25775 -4.3346 -1.5708 2.35952
24 1.77843 -2.12079 -1.49595 -4.23724 -1.5708 -1.36316
24 1.6458 -2.04996 -1.30621 -4.16189 -1.2863 -1.24162
24 1.43649 -2.07668 -1.29262 -4.13099 -1.31331 -0.904566
24 1.31037 -2.03176 -1.15064 -4.10117 -1.04699 -0.680733
24 1.20916 -2.04958 -1.17685 -4.1244 -1.11168 -0.542635
24 0.992909 -2.08766 -1.23286 -4.17406 -1.24991 -0.247551
24 0.776654 -2.12574 -1.28886 -4.22372 -1.38814 0.0475328
24 0.553978 -2.14515 -1.28442 -4.23956 -1.41424 0.377816
24 0.331303 -2.16456 -1.27997 -4.2554 -1.44033 0.708099
24 0.108627 -2.18398 -1.27553 -4.27124 -1.46642 1.03838
24 -0.114049 -2.20339 -1.27109 -4.28708 -1.49252 1.36867
24 -0.336725 -2.2228 -1.26664 -4.30292 -1.51861 1.69895
24 -0.559401 -2.24221 -1.2622 -4.31876 -1.5447 2.02923
24 -0.782077 -2.26163 -1.25775 -4.3346 -1.5708 2.35952
25 1.77843 -2.12079 -1.49595 -4.23724 -1.5708 -1.36316
25 1.53425 -2.12889 -1.4756 -4.22292 -1.56402 -1.04749
25 1.29008 -2.13698 -1.45525 -4.2086 -1.55724 -0.731824
25 1.30351 -2.05288 -1.37103 -3.97782 -1.2847 -0.597215
25 1.46838 -1.94761 -1.41515 -3.79852 -1.13571 -0.341395
25 1.10159 -1.96176 -1.34428 -3.69447 -1.15355 -0.245988
25 0.734811 -1.97591 -1.2734 -3.59043 -1.1714 -0.15058
25 0.368027 -1.99006 -1.20252 -3.48638 -1.18925 -0.0551727
25 0.345435 -1.99094 -1.19816 -3.47998 -1.19035 -0.0492961
25 0.416286 -1.98678 -1.36086 -3.79226 -1.13952 0.119184
25 0.112012 -1.96411 -1.35737 -3.72863 -1.08974 0.364873
25 -0.192262 -1.94145 -1.35388 -3.66499 -1.03995 0.610562
25 -0.496536 -1.91878 -1.35039 -3.60136 -0.990157 0.856251
25 -0.800809 -1.89611 -1.34691 -3.53772 -0.940367 1.10194
25 -0.937678 -2.04506 -1.42016 -3.55517 -1.05608 1.4182
25 -0.709266 -2.02859 -1.29531 -3.6427 -1.31978 1.53974
25 -0.87775 -2.15888 -1.3521 -3.83163 -1.42318 1.79474
25 -0.888093 -2.20919 -1.27375 -4.08083 -1.49675 2.08406
25 -0.782077 -2.26163 -1.25775 -4.3346 -1.5708 2.35952
26 1.77843 -2.12079 -1.49595 -4.23724 -1.5708 -1.36316
26 1.65973 -2.02698 -1.33077 -4.14638 -1.27654 -1.24075
26 1.44221 -2.03541 -1.30161 -4.15159 -1.27622 -0.906477
26 1.2247 -2.04384 -1.27245 -4.1568 -1.27589 -0.572205
26 1.00718 -2.05227 -1.2433 -4.162 -1.27557 -0.237932
26 0.789662 -2.0607 -1.21414 -4.16721 -1.27524 0.0963403
26 0.572146 -2.06913 -1.18498 -4.17242 -1.27492 0.430613
26 0.35463 -2.07756 -1.15582 -4.17763 -1.27459 0.764885
26 0.137113 -2.08599 -1.12666 -4.18284 -1.27427 1.09916
26 -0.0804034 -2.09442 -1.0975 -4.18805 -1.27394 1.43343
26 -0.29792 -2.10285 -1.06835 -4.19326 -1.27362 1.7677
26 -0.502815 -2.11079 -1.04088 -4.19817 -1.27331 2.08258
26 -0.558628 -2.24016 -1.26444 -4.31738 -1.54387 2.03006
26 -0.782077 -2.26163 -1.25775 -4.3346 -1.5708 2.35952
27 1.77843 -2.12079 -1.49595 -4.23724 -1.5708 -1.36316
27 1.55593 -2.13047 -1.46256 -4.2237 -1.572 -1.03286
27 1.33342 -2.14015 -1.42918 -4.21015 -1.57321 -0.702558
27 1.42245 -2.04173 -1.37481 -4.03761 -1.33517 -0.472339
27 1.18673 -2.04002 -1.26957 -3.91756 -1.28831 -0.195301
27 0.95101 -2.03832 -1.16433 -3.79751 -1.24145 0.0817375
27 0.715291 -2.03661 -1.05909 -3.67746 -1.1946 0.358776
27 0.479572 -2.0349 -0.953845 -3.55741 -1.14774 0.635814
27 0.243853 -2.03319 -0.848605 -3.43736 -1.10088 0.912853
27 0.00813329 -2.03148 -0.743364 -3.31731 -1.05402 1.18989
27 -0.227586 -2.02977 -0.638124 -3.19726 -1.00716 1.46693
27 -0.463305 -2.02807 -0.532883 -3.07721 -0.960299 1.74397
27 -0.463914 -2.02806 -0.532612 -3.0769 -0.960178 1.74468
27 -0.435115 -2.01507 -0.904275 -3.12077 -0.879093 1.63347
27 -0.373129 -2.03482 -1.16783 -3.23701 -0.94364 1.89544
27 -0.534589 -2.03263 -1.20335 -3.53482 -1.12731 1.99663
27 -0.569736 -2.06361 -1.2451 -3.7901 -1.41513 2.08636
27 -0.583052 -2.22354 -1.14164 -4.09345 -1.58359 2.1424
27 -0.782077 -2.26163 -1.25775 -4.3346 -1.5708 2.35952
28 1.77843 -2.12079 -1.49595 -4.23724 -1.5708 -1.36316
28 1.68263 -2.01969 -1.28191 -4.1829 -1.34294 -1.56296
28 1.70789 -2.04058 -1.14838 -3.80792 -1.33791 -1.54154
28 1.86336 -1.84729 -0.918245 -3.85378 -1.14585 -1.62228
28 1.70618 -1.88023 -0.978563 -3.90867 -1.17317 -1.41552
28 1.47802 -1.92804 -1.06612 -3.98834 -1.21282 -1.1154
28 1.24986 -1.97585 -1.15367 -4.06802 -1.25247 -0.815285
28 1.0217 -2.02366 -1.24123 -4.1477 -1.29212 -0.515167
28 0.79354 -2.07147 -1.32879 -4.22737 -1.33177 -0.215049
28 0.573588 -2.08428 -1.34038 -4.23838 -1.329 0.118409
28 0.353637 -2.0971 -1.35198 -4.24938 -1.32624 0.451867
28 0.133685 -2.10991 -1.36357 -4.26038 -1.32347 0.785324
28 -0.0862664 -2.12272 -1.37517 -4.27139 -1.32071 1.11878
28 -0.306218 -2.13553 -1.38676 -4.28239 -1.31794 1.45224
28 -0.52617 -2.14834 -1.39836 -4.29339 -1.31518 1.7857
28 -0.746121 -2.16115 -1.40995 -4.30439 -1.31241 2.11915
28 -0.782077 -2.26163 -1.25775 -4.3346 -1.5708 2.35952
29 1.77843 -2.12079 -1.49595 -4.23724 -1.5708 -1.36316
29 1.55023 -2.14076 -1.45494 -4.24568 -1.55986 -1.03812
29 1.32203 -2.16072 -1.41394 -4.25412 -1.54893 -0.713074
29 1.39456 -2.05249 -1.46233 -3.99844 -1.278 -0.669426
29 1.46883 -1.92963 -1.3689 -3.72339 -1.09965 -0.517108
29 1.30779 -1.99634 -1.32042 -3.78803 -1.12737 -0.372889
29 1.04141 -2.1067 -1.24023 -3.89495 -1.17323 -0.134344
29 0.838573 -2.13783 -1.11266 -3.83551 -1.11305 0.172995
29 0.635732 -2.16897 -0.985095 -3.77606 -1.05287 0.480334
29 0.43289 -2.20011 -0.857527 -3.71662 -0.992685 0.787673
29 0.230049 -2.23124 -0.729959 -3.65718 -0.932505 1.09501
29 0.0272083 -2.26238 -0.602391 -3.59774 -0.872324 1.40235
29 -0.175633 -2.29351 -0.474822 -3.5383 -0.812144 1.70969
29 -0.168646 -2.40797 -0.695391 -3.72692 -1.01511 1.85605
29 -0.372506 -2.38441 -0.660552 -3.9748 -1.02964 2.09061
29 -0.520188 -2.36108 -0.916968 -4.02273 -1.28325 2.01795
29 -0.634495 -2.33189 -1.06237 -4.32649 -1.45518 2.07373
29 -0.782077 -2.26163 -1.25775 -4.3346 -1.5708 2.35952
30 1.77843 -2.12079 -1.49595 -4.23724 -1.5708 -1.36316
30 1.53258 -2.1297 -1.47202 -4.24557 -1.55583 -1.04914
30 1.28673 -2.13861 -1.44808 -4.2539 -1.54087 -0.735112
30 1.24796 -2.1959 -1.06516 -4.28921 -1.54968 -0.82032
30 1.23825 -2.06895 -0.969475 -4.0555 -1.34543 -0.624636
30 1.01147 -2.17471 -1.04833 -4.18145 -1.53257 -0.512394
30 0.777433 -2.15373 -1.03168 -4.07482 -1.51565 -0.207675
30 0.5434 -2.13276 -1.01502 -3.96819 -1.49872 0.0970442
30 0.309366 -2.11178 -0.998369 -3.86155 -1.48179 0.401763
30 0.0753331 -2.09081 -0.981715 -3.75492 -1.46487 0.706482
30 -0.1587 -2.06983 -0.96506 -3.64828 -1.44794 1.0112
30 -0.392733 -2.04886 -0.948405 -3.54165 -1.43102 1.31592
30 -0.407663 -1.91237 -1.09046 -3.56193 -1.27607 1.62665
30 -0.677249 -1.96374 -1.10662 -3.81264 -1.16928 1.72745
30 -0.736836 -2.08991 -1.25285 -4.03714 -1.4234 1.792
30 -0.858184 -2.21634 -1.2393 -4.32654 -1.41031 2.00456
30 -0.782077 -2.26163 -1.25775 -4.3346 -1.5708 2.35952
31 1.77843 -2.12079 -1.49595 -4.23724 -1.5708 -1.36316
31 1.54209 -2.03577 -1.34434 -4.17007 -1.50221 -1.10877
31 1.29642 -2.01473 -1.35621 -4.11919 -1.52194 -0.7988
31 1.05784 -1.96286 -1.23192 -3.91277 -1.53806 -0.593683
31 0.91888 -2.03482 -1.27272 -4.06467 -1.53166 -0.285199
31 0.772618 -2.11055 -1.31567 -4.22454 -1.52492 0.039488
31 0.550518 -2.13213 -1.3074 -4.24027 -1.53147 0.370921
31 0.328419 -2.15371 -1.29912 -4.25599 -1.53803 0.702353
31 0.10632 -2.1753 -1.29085 -4.27171 -1.54458 1.03379
31 -0.115779 -2.19688 -1.28258 -4.28743 -1.55113 1.36522
31 -0.337878 -2.21846 -1.2743 -4.30316 -1.55769 1.69665
31 -0.559978 -2.24005 -1.26603 -4.31888 -1.56424 2.02808
31 -0.782077 -2.26163 -1.25775 -4.3346 -1.5708 2.35952
32 1.77843 -2.12079 -1.49595 -4.23724 -1.5708 -1.36316
32 1.54307 -2.13314 -1.46952 -4.21313 -1.56911 -1.04196
32 1.66284 -1.93924 -1.61506 -4.03247 -1.3542 -0.952279
32 1.79973 -1.73694 -1.72473 -3.77827 -1.23109 -1.04469
32 1.74016 -1.78981 -1.41305 -3.59655 -1.08234 -1.00779
32 1.51428 -1.77347 -1.38714 -3.41332 -0.915062 -0.792183
32 1.23865 -1.76642 -1.45503 -3.27238 -0.676749 -0.740067
32 1.09726 -1.86857 -1.36502 -3.30804 -0.75924 -0.562407
32 0.894965 -2.01471 -1.23625 -3.35905 -0.877259 -0.30823
32 0.692672 -2.16086 -1.10748 -3.41007 -0.995278 -0.0540538
32 0.643784 -2.04049 -1.20243 -3.53931 -1.33172 0.0108348
32 0.684164 -2.03957 -1.3873 -3.86438 -1.32497 0.146738
32 0.42357 -2.06629 -1.32666 -3.81963 -1.31719 0.439374
32 0.162977 -2.09301 -1.26602 -3.77487 -1.30941 0.73201
32 -0.0976166 -2.11973 -1.20537 -3.73012 -1.30163 1.02465
32 -0.35821 -2.14644 -1.14473 -3.68536 -1.29385 1.31728
32 -0.618804 -2.17316 -1.08408 -3.6406 -1.28607 1.60992
32 -0.879397 -2.19988 -1.02344 -3.59585 -1.27829 1.90255
32 -0.777631 -2.18034 -1.23075 -3.63169 -1.36926 2.21355
32 -0.857911 -2.25917 -1.19994 -3.96719 -1.55196 2.23479
32 -0.782077 -2.26163 -1.25775 -4.3346 -1.5708 2.35952
33 1.77843 -2.12079 -1.49595 -4.23724 -1.5708 -1.36316
33 1.78381 -1.94364 -1.3609 -4.23257 -1.23888 -1.35048
33 1.64255 -1.91235 -1.44452 -3.89155 -1.14097 -1.42921
33 1.53205 -1.93109 -1.40863 -3.90526 -1.14414 -1.28935
33 1.29096 -1.97197 -1.33033 -3.93517 -1.15106 -0.98418
33 1.04986 -2.01285 -1.25202 -3.96509 -1.15798 -0.679013
33 0.808761 -2.05373 -1.17372 -3.995 -1.16489 -0.373846
33 0.96615 -2.04705 -1.32183 -4.2589 -1.33877 -0.258205
33 0.727901 -2.07718 -1.31045 -4.26657 -1.36787 0.0600625
33 0.489653 -2.10732 -1.29907 -4.27424 -1.39698 0.37833
33 0.251405 -2.13745 -1.28769 -4.28192 -1.42608 0.696598
33 0.0131565 -2.16758 -1.27631 -4.28959 -1.45519 1.01487
33 -0.225092 -2.19771 -1.26492 -4.29726 -1.48429 1.33313
33 -0.46334 -2.22784 -1.25354 -4.30493 -1.5134 1.6514
33 -0.701588 -2.25797 -1.24216 -4.31261 -1.5425 1.96967
33 -0.782077 -2.26163 -1.25775 -4.3346 -1.5708 2.35952
34 1.77843 -2.12079 -1.49595 -4.23724 -1.5708 -1.36316
34 1.55772 -2.12777 -1.47394 -4.2243 -1.55011 -1.03126
34 1.33701 -2.13475 -1.45193 -4.21136 -1.52941 -0.699361
34 1.32317 -2.06253 -1.45725 -3.8937 -1.34623 -0.557584
34 1.20814 -1.98151 -1.19683 -3.7622 -1.33826 -0.323003
34 1.16354 -1.99054 -1.22393 -3.80494 -1.35411 -0.286748
34 0.93691 -2.03643 -1.36162 -4.0221 -1.43462 -0.102545
34 0.716436 -2.05926 -1.34683 -4.03286 -1.42214 0.22969
34 0.495961 -2.08208 -1.33205 -4.04361 -1.40965 0.561924
34 0.275486 -2.10491 -1.31726 -4.05437 -1.39717 0.894158
34 0.0550112 -2.12773 -1.30248 -4.06512 -1.38468 1.22639
34 -0.165464 -2.15056 -1.28769 -4.07588 -1.3722 1.55863
34 -0.385938 -2.17338 -1.2729 -4.08664 -1.35971 1.89086
34 -0.606413 -2.19621 -1.25812 -4.09739 -1.34722 2.2231
34 -0.782077 -2.26163 -1.25775 -4.3346 -1.5708 2.35952
35 1.77843 -2.12079 -1.49595 -4.23724 -1.5708 -1.36316
35 1.54223 -2.13516 -1.46635 -4.21497 -1.57484 -1.04283
35 1.30602 -2.14954 -1.43675 -4.19269 -1.57889 -0.722502
35 1.29011 -2.01104 -1.43835 -4.08109 -1.27662 -0.530828
35 1.41169 -1.97787 -1.15772 -4.06765 -1.1566 -0.305486
35 1.12322 -2.01804 -1.26936 -4.03852 -1.24714 -0.116972
35 0.816874 -2.0607 -1.38792 -4.00757 -1.34329 0.0832202
35 0.575667 -2.08602 -1.36222 -3.9701 -1.37727 0.396203
35 0.334459 -2.11133 -1.33652 -3.93263 -1.41125 0.709186
35 0.0932513 -2.13664 -1.31081 -3.89515 -1.44523 1.02217
35 -0.147956 -2.16196 -1.28511 -3.85768 -1.47922 1.33515
35 -0.389164 -2.18727 -1.25941 -3.82021 -1.5132 1.64814
35 -0.630372 -2.21259 -1.23371 -3.78273 -1.54718 1.96112
35 -0.847652 -2.28059 -1.16685 -3.9896 -1.61578 2.19817
35 -0.782077 -2.26163 -1.25775 -4.3346 -1.5708 2.35952
36 1.77843 -2.12079 -1.49595 -4.23724 -1.5708 -1.36316
36 1.54229 -2.12461 -1.4706 -4.22626 -1.55497 -1.0419
36 1.50567 -1.99136 -1.40766 -3.96438 -1.29699 -1.08442
36 1.50174 -1.99147 -1.40687 -3.96363 -1.29678 -1.07924
36 1.26381 -1.99823 -1.35894 -3.91797 -1.28407 -0.76492
36 1.02587 -2.00498 -1.311 -3.87231 -1.27135 -0.450602
36 0.78793 -2.01174 -1.26306 -3.82666 -1.25864 -0.136284
36 0.549993 -2.01849 -1.21513 -3.781 -1.24593 0.178035
36 0.312055 -2.02524 -1.16719 -3.73534 -1.23321 0.492353
36 0.0741174 -2.032 -1.11926 -3.68969 -1.2205 0.806672
36 -0.16382 -2.03875 -1.07132 -3.64403 -1.20778 1.12099
36 -0.401758 -2.04551 -1.02338 -3.59837 -1.19507 1.43531
36 -0.639696 -2.05226 -0.975449 -3.55272 -1.18235 1.74963
36 -0.612118 -2.07261 -1.06192 -3.82005 -1.32747 1.99217
36 -0.759247 -2.16186 -1.22351 -4.11917 -1.40076 2.08927
36 -0.782077 -2.26163 -1.25775 -4.3346 -1.5708 2.35952
37 1.77843 -2.12079 -1.49595 -4.23724 -1.5708 -1.36316
37 1.51425 -2.04586 -1.47123 -3.99727 -1.46082 -1.48274
37 1.29908 -2.05984 -1.44318 -4.00673 -1.44782 -1.14739
37 1.38838 -2.06003 -1.40582 -3.84948 -1.19325 -0.900211
37 1.29796 -1.95028 -1.21778 -3.65851 -0.935408 -0.938465
37 1.19429 -1.97587 -1.27042 -3.62368 -1.00271 -0.80257
37 0.982637 -2.02812 -1.37789 -3.55257 -1.14013 -0.525116
37 0.849768 -2.15617 -1.37438 -3.82207 -1.36437 -0.470094
37 0.549659 -2.20973 -1.35686 -3.80679 -1.45972 -0.230439
37 0.646606 -2.12738 -1.39057 -4.12473 -1.50237 -0.0309808
37 0.442509 -2.14656 -1.37159 -4.15471 -1.51215 0.310519
37 0.238411 -2.16574 -1.35262 -4.18469 -1.52192 0.652018
37 0.0343136 -2.18492 -1.33365 -4.21467 -1.5317 0.993518
37 -0.169784 -2.20409 -1.31467 -4.24465 -1.54147 1.33502
37 -0.373882 -2.22327 -1.2957 -4.27464 -1.55125 1.67652
37 -0.577979 -2.24245 -1.27673 -4.30462 -1.56102 2.01802
37 -0.782077 -2.26163 -1.25775 -4.3346 -1.5708 2.35952
38 1.77843 -2.12079 -1.49595 -4.23724 -1.5708 -1.36316
38 1.55461 -2.12747 -1.44344 -4.23171 -1.57307 -1.03595
38 1.33871 -1.94868 -1.22504 -4.13816 -1.57023 -1.19394
38 1.14996 -1.94909 -1.19094 -4.11806 -1.57613 -0.877207
38 0.946388 -1.94954 -1.15416 -4.09639 -1.58249 -0.535601
38 0.742816 -1.94998 -1.11737 -4.07471 -1.58885 -0.193995
38 0.539244 -1.95043 -1.08059 -4.05303 -1.59522 0.147612
38 0.335672 -1.95088 -1.04381 -4.03135 -1.60158 0.489218
38 0.1321 -1.95132 -1.00703 -4.00967 -1.60794 0.830824
38 -0.071472 -1.95177 -0.970245 -3.988 -1.61431 1.17243
38 -0.275044 -1.95221 -0.933463 -3.96632 -1.62067 1.51404
38 -0.478616 -1.95266 -0.896681 -3.94464 -1.62703 1.85564
38 -0.682188 -1.9531 -0.859899 -3.92296 -1.6334 2.19725
38 -0.76931 -2.19688 -0.898198 -4.17431 -1.59664 2.36153
38 -0.782077 -2.26163 -1.25775 -4.3346 -1.5708 2.35952
39 1.77843 -2.12079 -1.49595 -4.23724 -1.5708 -1.36316
39 1.62754 -1.9196 -1.3972 -3.98454 -1.68412 -1.26167
39 1.44177 -1.93526 -1.34205 -3.93428 -1.67008 -0.916009
39 1.256 -1.95092 -1.2869 -3.88402 -1.65604 -0.57035
39 1.07024 -1.96657 -1.23175 -3.83376 -1.642 -0.224691
39 0.891305 -1.98166 -1.17863 -3.78535 -1.62848 0.108246
39 0.758052 -2.04302 -1.34688 -4.11085 -1.64323 0.0450048
39 0.538033 -2.07425 -1.33415 -4.14282 -1.63288 0.375649
39 0.318015 -2.10548 -1.32142 -4.17478 -1.62253 0.706294
39 0.0979965 -2.13671 -1.30869 -4.20674 -1.61218 1.03694
39 -0.122022 -2.16794 -1.29595 -4.23871 -1.60184 1.36758
39 -0.34204 -2.19917 -1.28322 -4.27067 -1.59149 1.69823
39 -0.562058 -2.2304 -1.27049 -4.30264 -1.58114 2.02887
39 -0.782077 -2.26163 -1.25775 -4.3346 -1.5708 2.35952
40 1.77843 -2.12079 -1.49595 -4.23724 -1.5708 -1.36316
40 1.55781 -2.12325 -1.47543 -4.24046 -1.5554 -1.03052
40 1.33718 -2.1257 -1.45491 -4.24369 -1.54001 -0.697878
40 1.25078 -2.00356 -1.28545 -4.23624 -1.32713 -0.445834
40 1.08866 -2.02957 -1.24 -4.19109 -1.29332 -0.22911
40 0.858194 -2.06655 -1.1754 -4.12691 -1.24527 0.0789748
40 0.627729 -2.10353 -1.1108 -4.06272 -1.19722 0.38706
40 0.397264 -2.14051 -1.0462 -3.99854 -1.14916 0.695145
40 0.166799 -2.17749 -0.981603 -3.93435 -1.10111 1.00323
40 -0.0636662 -2.21447 -0.917003 -3.87017 -1.05305 1.31131
40 -0.294131 -2.25145 -0.852402 -3.80599 -1.005 1.6194
40 -0.563044 -2.17482 -0.90104 -4.04428 -1.15519 1.62971
40 -0.652585 -2.18038 -1.04799 -4.27006 -1.35492 1.82842
40 -0.53499 -2.14653 -1.28079 -4.27102 -1.40938 2.12484
40 -0.782077 -2.26163 -1.25775 -4.3346 -1.5708 2.35952
41 1.77843 -2.12079 -1.49595 -4.23724 -1.5708 -1.36316
41 1.45208 -1.95909 -1.58539 -4.1369 -1.4759 -1.34655
41 1.28424 -1.97617 -1.5435 -4.08732 -1.48375 -0.989815
41 1.17763 -1.94369 -1.53327 -4.02689 -1.4911 -0.610646
41 1.35689 -1.84983 -1.59224 -3.68743 -1.47365 -0.603815
41 1.20931 -1.85282 -1.44705 -3.5689 -1.15355 -0.579067
41 1.06173 -1.85581 -1.30187 -3.45037 -0.833436 -0.554319
41 0.983072 -1.85741 -1.22449 -3.3872 -0.662823 -0.541129
41 0.844922 -1.95114 -1.275 -3.72623 -0.717994 -0.433476
41 0.724091 -2.07883 -1.17219 -3.91907 -0.955418 -0.591487
41 0.707577 -2.03396 -1.44891 -4.01888 -1.20119 -0.487684
41 0.859238 -2.03937 -1.49845 -4.18936 -1.50108 -0.36313
41 0.654074 -2.06715 -1.46836 -4.20752 -1.5098 -0.0227989
41 0.44891 -2.09493 -1.43827 -4.22567 -1.51851 0.317532
41 0.243745 -2.12272 -1.40819 -4.24383 -1.52722 0.657862
41 0.0385808 -2.1505 -1.3781 -4.26198 -1.53594 0.998193
41 -0.166584 -2.17828 -1.34801 -4.28014 -1.54465 1.33852
41 -0.371748 -2.20606 -1.31793 -4.29829 -1.55337 1.67885
41 -0.576912 -2.23385 -1.28784 -4.31644 -1.56208 2.01919
41 -0.782077 -2.26163 -1.25775 -4.3346 -1.5708 2.35952
42 1.77843 -2.12079 -1.49595 -4.23724 -1.5708 -1.36316
42 1.8722 -1.96447 -1.16908 -4.16927 -1.60756 -1.48129
42 1.791 -1.96562 -1.17601 -4.16203 -1.60626 -1.35773
42 1.57183 -1.9687 -1.19473 -4.14248 -1.60275 -1.02424
42 1.35267 -1.97178 -1.21345 -4.12293 -1.59924 -0.690755
42 1.13351 -1.97486 -1.23217 -4.10338 -1.59573 -0.357269
42 0.914341 -1.97795 -1.25089 -4.08384 -1.59222 -0.0237838
42 0.695176 -1.98103 -1.2696 -4.06429 -1.5887 0.309702
42 0.476011 -1.98411 -1.28832 -4.04474 -1.58519 0.643187
42 0.256846 -1.98719 -1.30704 -4.02519 -1.58168 0.976672
42 0.0376817 -1.99028 -1.32576 -4.00565 -1.57817 1.31016
42 -0.181483 -1.99336 -1.34448 -3.9861 -1.57466 1.64364
42 -0.400648 -1.99644 -1.3632 -3.96655 -1.57115 1.97713
42 -0.505832 -2.08477 -1.35289 -4.27576 -1.64875 2.17562
42 -0.782077 -2.26163 -1.25775 -4.3346 -1.5708 2.35952
43 1.77843 -2.12079 -1.49595 -4.23724 -1.5708 -1.36316
43 1.56574 -1.99387 -1.48907 -3.93697 -1.56289 -1.27161
43 1.56877 -1.94546 -1.5702 -3.78526 -1.20523 -1.28309
43 1.3516 -1.94212 -1.38983 -3.5228 -1.12817 -1.35704
43 1.16422 -1.95932 -1.3805 -3.60656 -1.19778 -1.10689
43 0.938154 -1.98007 -1.36924 -3.7076 -1.28176 -0.805096
43 0.712092 -2.00082 -1.35799 -3.80864 -1.36574 -0.503307
43 0.48603 -2.02157 -1.34673 -3.90968 -1.44972 -0.201518
43 0.726846 -2.08954 -1.40642 -4.07905 -1.56571 0.0258264
43 0.511285 -2.11413 -1.38518 -4.11555 -1.56644 0.359211
43 0.295725 -2.13871 -1.36394 -4.15206 -1.56716 0.692595
43 0.0801645 -2.16329 -1.34271 -4.18857 -1.56789 1.02598
43 -0.135396 -2.18788 -1.32147 -4.22508 -1.56862 1.35936
43 -0.350956 -2.21246 -1.30023 -4.26158 -1.56934 1.69275
43 -0.566516 -2.23704 -1.27899 -4.29809 -1.57007 2.02613
43 -0.782077 -2.26163 -1.25775 -4.3346 -1.5708 2.35952
44 1.77843 -2.12079 -1.49595 -4.23724 -1.5708 -1.36316
44 1.55031 -2.1243 -1.46822 -4.22487 -1.55987 -1.0362
44 1.32218 -2.12781 -1.44049 -4.21249 -1.54895 -0.709233
44 1.29888 -2.15206 -1.11959 -4.22413 -1.36412 -0.562272
44 1.17132 -2.15096 -1.10757 -4.21634 -1.36529 -0.39134
44 0.932648 -2.1489 -1.08507 -4.20176 -1.36748 -0.0714866
44 0.693971 -2.14685 -1.06258 -4.18719 -1.36967 0.248366
44 0.455294 -2.14479 -1.04008 -4.17261 -1.37186 0.568219
44 0.216618 -2.14274 -1.01759 -4.15804 -1.37405 0.888072
44 -0.0220589 -2.14069 -0.995094 -4.14346 -1.37624 1.20793
44 -0.260736 -2.13863 -0.972599 -4.12889 -1.37843 1.52778
44 -0.499412 -2.13658 -0.950104 -4.11431 -1.38062 1.84763
44 -0.645681 -2.15809 -1.20128 -4.10575 -1.45472 2.11124
44 -0.782077 -2.26163 -1.25775 -4.3346 -1.5708 2.35952
45 1.77843 -2.12079 -1.49595 -4.23724 -1.5708 -1.36316
45 1.53747 -2.08714 -1.34747 -4.2314 -1.43022 -1.12034
45 1.30108 -2.09043 -1.33387 -4.21153 -1.44201 -0.798795
45 1.17125 -2.01711 -1.2367 -3.98785 -1.25704 -0.588842
45 1.15375 -2.02266 -1.24021 -3.9999 -1.26658 -0.561811
45 0.960809 -2.08384 -1.27896 -4.13277 -1.37172 -0.263785
45 0.767868 -2.14503 -1.3177 -4.26564 -1.47686 0.0342406
45 0.546447 -2.16169 -1.30914 -4.27549 -1.49028 0.366423
45 0.325026 -2.17835 -1.30057 -4.28534 -1.5037 0.698605
45 0.103606 -2.195 -1.29201 -4.29519 -1.51712 1.03079
45 -0.117815 -2.21166 -1.28345 -4.30505 -1.53054 1.36297
45 -0.339236 -2.22832 -1.27488 -4.3149 -1.54396 1.69515
45 -0.560656 -2.24497 -1.26632 -4.32475 -1.55738 2.02733
45 -0.782077 -2.26163 -1.25775 -4.3346 -1.5708 2.35952
46 1.77843 -2.12079 -1.49595 -4.23724 -1.5708 -1.36316
46 1.81354 -1.87394 -1.31489 -4.03785 -1.41655 -1.40196
46 1.74112 -1.88158 -1.31464 -4.03707 -1.41772 -1.28947
46 1.52496 -1.90437 -1.31389 -4.03471 -1.42121 -0.953712
46 1.30879 -1.92716 -1.31315 -4.03235 -1.42469 -0.617951
46 1.09263 -1.94994 -1.3124 -4.03 -1.42818 -0.282189
46 0.876468 -1.97273 -1.31165 -4.02764 -1.43166 0.0535729
46 0.660305 -1.99552 -1.31091 -4.02529 -1.43514 0.389335
46 0.444142 -2.01831 -1.31016 -4.02293 -1.43863 0.725096
46 0.227979 -2.0411 -1.30941 -4.02058 -1.44211 1.06086
46 0.0118158 -2.06389 -1.30867 -4.01822 -1.4456 1.39662
46 -0.204347 -2.08667 -1.30792 -4.01587 -1.44908 1.73238
46 -0.42051 -2.10946 -1.30717 -4.01351 -1.45257 2.06814
46 -0.636673 -2.13225 -1.30643 -4.01116 -1.45605 2.40391
46 -0.782077 -2.26163 -1.25775 -4.3346 -1.5708 2.35952
47 1.77843 -2.12079 -1.49595 -4.23724 -1.5708 -1.36316
47 1.79594 -1.86416 -1.56603 -4.1136 -1.79682 -1.21299
47 1.57849 -1.91553 -1.50723 -4.11167 -1.77615 -0.887127
47 1.36104 -1.96689 -1.44843 -4.10974 -1.75547 -0.561263
47 1.14359 -2.01826 -1.38963 -4.1078 -1.7348 -0.235399
47 1.22247 -2.03466 -1.0827 -3.98075 -1.75361 -0.0284895
47 1.17134 -2.0357 -1.1112 -4.00032 -1.74854 0.0098352
47 0.890539 -2.04137 -1.26769 -4.1078 -1.72068 0.220314
47 0.609742 -2.04705 -1.42419 -4.21529 -1.69282 0.430793
47 0.377772 -2.08281 -1.39645 -4.23517 -1.67248 0.752247
47 0.145802 -2.11857 -1.36871 -4.25506 -1.65215 1.0737
47 -0.0861676 -2.15434 -1.34097 -4.27494 -1.63181 1.39515
47 -0.318137 -2.1901 -1.31323 -4.29483 -1.61147 1.71661
47 -0.550107 -2.22586 -1.28549 -4.31471 -1.59113 2.03806
47 -0.782077 -2.26163 -1.25775 -4.3346 -1.5708 2.35952
48 1.77843 -2.12079 -1.49595 -4.23724 -1.5708 -1.36316
48 1.55328 -2.12581 -1.45583 -4.21931 -1.57202 -1.03552
48 1.32813 -2.13082 -1.41572 -4.20138 -1.57324 -0.707872
48 1.31584 -1.98875 -1.42041 -4.06617 -1.30672 -0.483528
48 1.06363 -1.9912 -1.30421 -3.97633 -1.25934 -0.214151
48 0.811415 -1.99364 -1.18801 -3.88648 -1.21197 0.0552253
48 0.629337 -1.9954 -1.10412 -3.82163 -1.17777 0.249695
48 0.721547 -2.04416 -1.31249 -4.0586 -1.38891 0.320149
48 0.486242 -2.06609 -1.26976 -4.0556 -1.42145 0.638357
48 0.250937 -2.08803 -1.22703 -4.0526 -1.454 0.956565
48 0.0156326 -2.10997 -1.1843 -4.0496 -1.48654 1.27477
48 -0.219672 -2.1319 -1.14157 -4.0466 -1.51908 1.59298
48 -0.454977 -2.15384 -1.09884 -4.0436 -1.55163 1.91119
48 -0.690282 -2.17577 -1.05611 -4.0406 -1.58417 2.2294
48 -0.782077 -2.26163 -1.25775 -4.3346 -1.5708 2.35952
49 1.77843 -2.12079 -1.49595 -4.23724 -1.5708 -1.36316
49 1.54368 -2.13343 -1.45429 -4.2213 -1.56256 -1.04274
49 1.30892 -2.14608 -1.41263 -4.20536 -1.55432 -0.72231
49 1.05951 -2.05259 -1.16123 -4.11334 -1.541 -0.853473
49 0.923121 -2.02449 -1.08269 -4.0028 -1.43095 -0.551144
49 0.777987 -1.99459 -0.999106 -3.88517 -1.31383 -0.229425
49 0.632853 -1.96468 -0.915527 -3.76754 -1.19672 0.092295
49 0.487719 -1.93478 -0.831948 -3.64991 -1.0796 0.414014
49 0.342585 -1.90488 -0.748369 -3.53228 -0.962483 0.735734
49 0.197452 -1.87498 -0.66479 -3.41464 -0.845367 1.05745
49 0.0523179 -1.84507 -0.581211 -3.29701 -0.728251 1.37917
49 -0.0928158 -1.81517 -0.497631 -3.17938 -0.611135 1.70089
49 -0.320021 -1.82244 -0.787553 -3.05803 -0.547674 1.77517
49 -0.566315 -1.8677 -0.723502 -3.13063 -0.844171 1.77789
49 -0.694755 -1.86862 -1.06472 -3.15766 -1.00131 1.81848
49 -0.64101 -1.89454 -1.24804 -3.41779 -1.19756 1.94752
49 -0.726946 -1.89134 -1.21513 -3.73834 -1.07942 2.1341
49 -0.71583 -2.06827 -1.09427 -4.03241 -1.21645 2.04077
49 -0.84616 -2.26214 -1.03021 -4.059 -1.47871 2.21921
49 -0.782077 -2.26163 -1.25775 -4.3346 -1.5708 2.35952
50 1.77843 -2.12079 -1.49595 -4.23724 -1.5708 -1.36316
50 1.54285 -2.12328 -1.47066 -4.21964 -1.55701 -1.04167
50 1.30726 -2.12578 -1.44538 -4.20203 -1.54322 -0.720185
50 1.29899 -2.08784 -1.39393 -3.89336 -1.32322 -0.609871
50 1.21639 -1.96931 -1.03509 -3.89249 -1.26567 -0.693846
50 1.14869 -1.95419 -1.13451 -3.7922 -1.24811 -0.465443
50 1.05124 -1.93244 -1.27761 -3.64785 -1.22283 -0.136692
50 0.880621 -2.09982 -1.35907 -3.92328 -1.34233 -0.0586181
50 0.63946 -2.10672 -1.33898 -3.94052 -1.35335 0.259142
50 0.3983 -2.11363 -1.31889 -3.95777 -1.36436 0.576902
50 0.157139 -2.12053 -1.29879 -3.97501 -1.37538 0.894662
50 -0.084022 -2.12744 -1.2787 -3.99225 -1.38639 1.21242
50 -0.325183 -2.13434 -1.25861 -4.0095 -1.39741 1.53018
50 -0.566344 -2.14125 -1.23852 -4.02674 -1.40843 1.84794
50 -0.807504 -2.14815 -1.21842 -4.04398 -1.41944 2.1657
50 -0.782077 -2.26163 -1.25775 -4.3346 -1.5708 2.35952
51 1.77843 -2.12079 -1.49595 -4.23724 -1.5708 -1.36316
51 1.48986 -2.07297 -1.41709 -3.99655 -1.47075 -1.34645
51 1.27524 -2.08001 -1.39307 -3.99744 -1.45088 -1.01042
51 1.20816 -1.92091 -1.21547 -3.70912 -1.39471 -0.899218
51 1.11069 -1.95916 -1.24913 -3.72538 -1.37505 -0.744317
51 0.907277 -2.03897 -1.31936 -3.75931 -1.33403 -0.421071
51 0.703866 -2.11878 -1.38959 -3.79324 -1.293 -0.0978249
51 0.674229 -2.1407 -1.35989 -4.11791 -1.50667 -0.0159945
51 0.466186 -2.15797 -1.3453 -4.14886 -1.51583 0.323364
51 0.258142 -2.17525 -1.33071 -4.17982 -1.52499 0.662723
51 0.0500981 -2.19253 -1.31612 -4.21078 -1.53415 1.00208
51 -0.157946 -2.2098 -1.30153 -4.24173 -1.54331 1.34144
51 -0.365989 -2.22708 -1.28694 -4.27269 -1.55247 1.6808
51 -0.574033 -2.24435 -1.27235 -4.30364 -1.56163 2.02016
51 -0.782077 -2.26163 -1.25775 -4.3346 -1.5708 2.35952
52 1.77843 -2.12079 -1.49595 -4.23724 -1.5708 -1.36316
52 1.67208 -1.97816 -1.4798 -4.00052 -1.67275 -1.11486
52 1.41575 -1.98719 -1.42766 -4.00357 -1.6262 -0.816003
52 1.15941 -1.99622 -1.37551 -4.00661 -1.57965 -0.51715
52 0.887918 -1.94673 -1.18171 -3.8359 -1.51376 -0.630296
52 0.79612 -1.99532 -1.24412 -3.93288 -1.54931 -0.305572
52 0.694589 -2.04906 -1.31315 -4.04014 -1.58862 0.0535773
52 0.593059 -2.10279 -1.38217 -4.14741 -1.62793 0.412727
52 0.36387 -2.12927 -1.36144 -4.17861 -1.6184 0.737191
52 0.13468 -2.15574 -1.3407 -4.2098 -1.60888 1.06166
52 -0.094509 -2.18221 -1.31996 -4.241 -1.59936 1.38612
52 -0.323698 -2.20868 -1.29923 -4.2722 -1.58984 1.71059
52 -0.552888 -2.23516 -1.27849 -4.3034 -1.58032 2.03505
52 -0.782077 -2.26163 -1.25775 -4.3346 -1.5708 2.35952
53 1.77843 -2.12079 -1.49595 -4.23724 -1.5708 -1.36316
53 1.71447 -1.95022 -1.48487 -3.99446 -1.34758 -1.49704
53 1.47141 -1.80321 -1.39051 -3.81923 -1.47619 -1.64922
53 1.43727 -1.81607 -1.3897 -3.82963 -1.46961 -1.56956
53 1.2829 -1.87422 -1.38605 -3.87662 -1.43983 -1.20944
53 1.12853 -1.93236 -1.38241 -3.92362 -1.41006 -0.849332
53 0.974156 -1.9905 -1.37876 -3.97062 -1.38029 -0.48922
53 0.819786 -2.04865 -1.37511 -4.01762 -1.35051 -0.129108
53 0.601748 -2.07263 -1.34837 -4.02326 -1.35123 0.204264
53 0.38371 -2.09662 -1.32162 -4.0289 -1.35194 0.537635
53 0.165673 -2.1206 -1.29487 -4.03455 -1.35266 0.871006
53 -0.0523651 -2.14459 -1.26812 -4.04019 -1.35338 1.20438
53 -0.270403 -2.16858 -1.24137 -4.04583 -1.35409 1.53775
53 -0.488441 -2.19256 -1.21463 -4.05148 -1.35481 1.87112
53 -0.706478 -2.21655 -1.18788 -4.05712 -1.35552 2.20449
53 -0.782077 -2.26163 -1.25775 -4.3346 -1.5708 2.35952
54 1.77843 -2.12079 -1.49595 -4.23724 -1.5708 -1.36316
54 1.56198 -2.11752 -1.4784 -4.23354 -1.54416 -1.02834
54 1.34553 -2.11425 -1.46085 -4.22984 -1.51753 -0.693514
54 1.31668 -2.15939 -1.39962 -3.93442 -1.27974 -0.595718
54 1.49086 -2.01788 -1.51016 -3.9465 -1.04353 -0.392059
54 1.24057 -1.97027 -1.42585 -3.88592 -0.984466 -0.411732
54 0.885637 -1.90275 -1.3063 -3.80003 -0.900711 -0.439631
54 0.789318 -2.03188 -1.23808 -3.77625 -1.23353 -0.305245
54 0.468373 -1.95428 -1.13978 -3.67999 -1.20542 -0.128465
54 0.147428 -1.87668 -1.04147 -3.58373 -1.1773 0.0483139
54 -0.173517 -1.79908 -0.943161 -3.48747 -1.14918 0.225093
54 -0.494463 -1.72148 -0.844853 -3.3912 -1.12106 0.401873
54 -0.815408 -1.64387 -0.746545 -3.29494 -1.09294 0.578652
54 -0.822182 -1.58468 -0.753103 -3.34542 -1.30291 0.90997
54 -1.03762 -1.79513 -0.855698 -3.43101 -1.15686 1.08351
54 -0.951849 -1.92909 -0.941884 -3.62347 -1.22198 1.37674
54 -0.815614 -1.96167 -0.898825 -3.72133 -1.25228 1.73456
54 -0.665601 -1.86701 -0.979161 -3.70674 -1.24611 2.0836
54 -0.666077 -2.02693 -1.08706 -3.96052 -1.08126 2.26023
54 -0.65682 -2.08397 -1.29854 -4.1956 -1.27113 2.40385
54 -0.782077 -2.26163 -1.25775 -4.3346 -1.5708 2.35952
55 1.77843 -2.12079 -1.49595 -4.23724 -1.5708 -1.36316
55 1.54762 -2.11718 -1.46571 -4.22104 -1.57265 -1.0383
55 1.40919 -1.87219 -1.27066 -4.08132 -1.53495 -1.18605
55 1.29323 -1.87759 -1.25516 -4.07208 -1.5425 -1.02458
55 1.06109 -1.88841 -1.22416 -4.05357 -1.55761 -0.701366
55 0.828962 -1.89923 -1.19315 -4.03506 -1.57273 -0.378155
55 0.596831 -1.91005 -1.16214 -4.01656 -1.58784 -0.0549433
55 0.3647 -1.92086 -1.13113 -3.99805 -1.60296 0.268268
55 0.132568 -1.93168 -1.10013 -3.97954 -1.61807 0.591479
55 -0.0995631 -1.9425 -1.06912 -3.96104 -1.63318 0.914691
55 -0.331694 -1.95331 -1.03811 -3.94253 -1.6483 1.2379
55 -0.563826 -1.96413 -1.0071 -3.92403 -1.66341 1.56111
55 -0.795957 -1.97495 -0.976095 -3.90552 -1.67853 1.88433
55 -0.722362 -2.08165 -1.16835 -4.06165 -1.59086 2.15668
55 -0.782077 -2.26163 -1.25775 -4.3346 -1.5708 2.35952
56 1.77843 -2.12079 -1.49595 -4.23724 -1.5708 -1.36316
56 1.53346 -2.12645 -1.41178 -4.06945 -1.65529 -1.12321
56 1.32504 -2.12992 -1.36423 -4.03113 -1.60039 -0.791837
56 1.11314 -2.01002 -1.21647 -3.77536 -1.57556 -0.678431
56 0.901243 -1.89013 -1.06872 -3.5196 -1.55073 -0.565025
56 0.689343 -1.77024 -0.920958 -3.26384 -1.5259 -0.451619
56 0.477444 -1.65035 -0.773201 -3.00807 -1.50108 -0.338212
56 0.321322 -1.56202 -0.664337 -2.81963 -1.48279 -0.254657
56 0.388757 -1.72779 -1.00655 -2.83071 -1.40474 -0.186496
56 0.168779 -1.85845 -1.20434 -2.97421 -1.22355 -0.141789
56 0.372273 -1.9286 -1.18279 -3.28152 -1.27706 -0.0156988
56 0.699211 -2.07782 -1.22966 -3.3764 -1.23387 0.117655
56 0.843291 -2.18087 -1.21933 -3.66368 -1.4072 -0.00859672
56 0.669787 -2.1408 -1.21475 -3.91064 -1.42776 0.249976
56 0.542194 -2.18432 -1.34584 -4.18296 -1.61912 0.367722
56 0.321482 -2.19721 -1.33116 -4.20823 -1.61107 0.699688
56 0.10077 -2.21009 -1.31648 -4.23351 -1.60301 1.03165
56 -0.119942 -2.22297 -1.3018 -4.25878 -1.59496 1.36362
56 -0.340653 -2.23586 -1.28712 -4.28405 -1.5869 1.69558
56 -0.561365 -2.24874 -1.27244 -4.30933 -1.57885 2.02755
56 -0.782077 -2.26163 -1.25775 -4.3346 -1.5708 2.35952
57 1.77843 -2.12079 -1.49595 -4.23724 -1.5708 -1.36316
57 1.55554 -2.12868 -1.45625 -4.23159 -1.54612 -1.03447
57 1.33264 -2.13656 -1.41656 -4.22593 -1.52144 -0.705776
57 1.40225 -2.08201 -1.13888 -4.14906 -1.62867 -0.46564
57 1.25818 -2.08697 -1.1258 -4.1343 -1.59441 -0.297916
57 1.00167 -2.09579 -1.10252 -4.10802 -1.53343 0.000704467
57 0.745164 -2.10461 -1.07924 -4.08174 -1.47244 0.299325
57 0.488657 -2.11343 -1.05596 -4.05547 -1.41145 0.597945
57 0.23215 -2.12225 -1.03267 -4.02919 -1.35046 0.896566
57 -0.0243577 -2.13107 -1.00939 -4.00292 -1.28947 1.19519
57 -0.280865 -2.13989 -0.986109 -3.97664 -1.22849 1.49381
57 -0.537372 -2.14872 -0.962827 -3.95036 -1.1675 1.79243
57 -0.793879 -2.15754 -0.939545 -3.92409 -1.10651 2.09105
57 -0.686768 -2.20801 -1.05693 -4.17468 -1.29785 2.27214
57 -0.782077 -2.26163 -1.25775 -4.3346 -1.5708 2.35952
58 1.77843 -2.12079 -1.49595 -4.23724 -1.5708 -1.36316
58 1.54175 -2.13001 -1.46286 -4.21873 -1.55798 -1.04333
58 1.30506 -2.13922 -1.42978 -4.20022 -1.54517 -0.723492
58 1.18692 -2.0933 -1.22253 -3.88285 -1.53965 -0.708397
58 0.973685 -1.98734 -1.33249 -3.62649 -1.38003 -0.712531
58 1.02489 -2.11055 -1.18932 -3.83536 -1.46884 -0.525816
58 0.776826 -2.13696 -1.13847 -3.76265 -1.36042 -0.246279
58 0.52876 -2.16336 -1.08763 -3.68995 -1.25201 0.033257
58 0.280695 -2.18977 -1.03678 -3.61724 -1.14359 0.312793
58 0.0326289 -2.21618 -0.985936 -3.54453 -1.03518 0.59233
58 -0.215437 -2.24258 -0.93509 -3.47183 -0.926762 0.871866
58 -0.463503 -2.26899 -0.884245 -3.39912 -0.818346 1.1514
58 -0.711568 -2.2954 -0.833399 -3.32641 -0.709931 1.43094
58 -0.675624 -2.23065 -0.952638 -3.25934 -0.84061 1.7755
58 -0.699864 -2.14676 -1.11165 -3.52919 -1.052 1.8734
58 -0.699732 -2.14134 -1.16924 -3.85888 -1.23906 1.98727
58 -0.875652 -2.22413 -1.12495 -4.02963 -1.4271 2.22333
58 -0.782077 -2.26163 -1.25775 -4.3346 -1.5708 2.35952
59 1.77843 -2.12079 -1.49595 -4.23724 -1.5708 -1.36316
59 1.54633 -2.12108 -1.47336 -4.2141 -1.56926 -1.039
59 1.31423 -2.12137 -1.45077 -4.19096 -1.56771 -0.71484
59 1.24634 -2.08676 -1.1248 -4.20658 -1.59383 -0.498014
59 1.22717 -2.08069 -1.10918 -4.17733 -1.57811 -0.468889
59 1.07675 -2.03301 -0.986648 -3.94784 -1.45479 -0.240381
59 0.926329 -1.98532 -0.864117 -3.71836 -1.33147 -0.0118738
59 0.775909 -1.93764 -0.741585 -3.48887 -1.20816 0.216634
59 0.625488 -1.88996 -0.619053 -3.25939 -1.08484 0.445141
59 0.475068 -1.84228 -0.496521 -3.0299 -0.961523 0.673649
59 0.324647 -1.7946 -0.373989 -2.80042 -0.838206 0.902156
59 0.107028 -1.86396 -0.293392 -2.81245 -0.762043 1.21101
59 -0.0318448 -1.8707 -0.173835 -3.00866 -0.873395 1.48574
59 -0.173429 -1.9101 -0.276019 -3.08937 -1.12111 1.73085
59 -0.361208 -1.80745 -0.566919 -2.94393 -1.19727 1.67961
59 -0.53522 -1.92416 -0.672208 -3.25758 -1.23266 1.75299
59 -0.530942 -1.98172 -0.787232 -3.56423 -1.26256 1.97324
59 -0.365102 -1.88575 -0.919761 -3.87644 -1.32384 2.04026
59 -0.590018 -2.00322 -1.04289 -3.87456 -1.43725 2.30024
59 -0.877134 -2.12411 -1.23747 -3.97247 -1.55316 2.34566
59 -0.782077 -2.26163 -1.25775 -4.3346 -1.5708 2.35952
