1.57094 -2.04962 -0.866758 1.34619 -1.571 3.14153
1.5882 -2.05029 -0.876464 1.34312 -1.55904 -3.1364
1.6054 -2.04979 -0.887536 1.34244 -1.54737 -3.13111
1.62253 -2.05121 -0.896569 1.33888 -1.53596 -3.12566
1.63957 -2.05147 -0.906916 1.33773 -1.52485 -3.12029
1.65653 -2.05363 -0.915286 1.33372 -1.51402 -3.11469
1.67339 -2.05462 -0.924919 1.3321 -1.50348 -3.10927
1.69015 -2.0575 -0.93263 1.32765 -1.49322 -3.10357
1.7068 -2.05921 -0.941556 1.3256 -1.48327 -3.09815
1.72333 -2.06281 -0.948612 1.32072 -1.47359 -3.09239
1.73974 -2.06523 -0.956833 1.31825 -1.46422 -3.08701
1.75602 -2.06953 -0.963233 1.31296 -1.45513 -3.08125
1.77217 -2.07264 -0.970752 1.3101 -1.44633 -3.07595
1.78818 -3.0118 0.976494 0.285601 -1.43781 -3.07022
1.80404 -3.02205 0.983311 0.275186 -1.42958 -3.06504
1.81976 -3.03253 0.988392 0.263784 -1.42162 -3.05938
1.83533 -3.04277 0.994503 0.253742 -1.41394 -3.05437
1.85074 -3.05326 0.998919 0.242671 -1.40654 -3.04882
1.866 -3.06347 1.00432 0.23302 -1.39939 -3.04401
1.8811 -3.07396 1.00807 0.222298 -1.39252 -3.03861
1.89604 -3.08411 1.01277 0.213056 -1.38588 -3.03403
1.9108 -3.09458 1.01584 0.202699 -1.37952 -3.02881
1.92542 -3.10465 1.01982 0.193881 -1.37337 -3.0245
1.93985 -3.11507 1.02221 0.183902 -1.3675 -3.0195
1.95413 -3.12503 1.02548 0.175522 -1.36181 -3.01547
2.34232 -2.10084 -2.08955 0.496626 -0.483676 0.148945
1.89424 -2.51325 -0.944612 0.570545 -1.52846 1.92669
2.36473 -2.11133 -2.10344 0.484814 -0.482238 0.151182
1.92004 -2.51736 -0.942924 0.586434 -1.52208 1.95691
2.38681 -2.12196 -2.11628 0.472824 -0.480135 0.15259
1.94585 -2.52213 -0.940636 0.601367 -1.51522 1.98742
2.40855 -2.13262 -2.12814 0.460528 -0.477336 0.153301
1.97164 -2.52758 -0.937711 0.615309 -1.50787 2.01819
2.42994 -2.14324 -2.13906 0.447793 -0.473814 0.153453
1.99738 -2.53375 -0.93411 0.628224 -1.50006 2.04919
2.45096 -2.15373 -2.14911 0.434482 -0.46955 0.153183
2.02305 -2.54066 -0.929794 0.640076 -1.49177 2.0804
2.47161 -2.16401 -2.15834 0.420451 -0.464527 0.152635
2.04861 -2.54834 -0.924722 0.650831 -1.48302 2.11181
2.49187 -2.17399 -2.16679 0.405548 -0.458733 0.151958
2.07403 -2.55681 -0.918853 0.660452 -1.47382 2.14337
2.51173 -2.1836 -2.17452 0.38961 -0.452162 0.151309
2.09929 -2.56609 -0.912147 0.668905 -1.46418 2.17509
2.53117 -2.19274 -2.18156 0.372463 -0.444813 0.150853
2.12435 -2.5762 -0.904561 0.676153 -1.45412 2.20692
2.55018 -2.20134 -2.18798 0.353915 -0.436689 0.15077
2.14918 -2.58717 -0.896049 0.68216 -1.44365 2.23886
2.56875 -2.20931 -2.1938 0.333753 -0.427799 0.151252
2.17377 -2.599 -0.886567 0.68689 -1.43279 2.2709
2.58687 -2.21655 -2.19907 0.311739 -0.418155 0.152511
2.19807 -2.61173 -0.876067 0.690307 -1.42156 2.30301
2.60451 -2.22299 -2.20382 0.287604 -0.407779 0.154786
2.22207 -2.62536 -0.864497 0.692371 -1.40999 2.3352
2.62166 -2.22851 -2.20809 0.261036 -0.396697 0.15834
2.24575 -2.63991 -0.851805 0.693045 -1.39808 2.36744
