1.57094 -2.05039 -0.865883 1.34487 -1.571 3.14153
1.5882 -2.05029 -0.876468 1.34313 -1.55905 -3.13641
1.60539 -2.05056 -0.886699 1.34114 -1.54738 -3.13109
1.62251 -2.0512 -0.896581 1.33891 -1.53599 -3.12569
1.63956 -2.05222 -0.906115 1.33645 -1.52488 -3.12024
1.65651 -2.0536 -0.915305 1.33376 -1.51406 -3.11474
1.67337 -2.05535 -0.924151 1.33085 -1.50352 -3.10921
1.69013 -2.05747 -0.932656 1.32771 -1.49328 -3.10364
1.70677 -2.05994 -0.940819 1.32436 -1.48332 -3.09807
1.7233 -2.06277 -0.948642 1.3208 -1.47366 -3.09249
1.73971 -2.06595 -0.956126 1.31704 -1.46429 -3.08691
1.75599 -2.06947 -0.963269 1.31307 -1.4552 -3.08136
1.77213 -2.07335 -0.970072 1.3089 -1.4464 -3.07583
1.78814 -3.01177 0.976535 0.285681 -1.43789 -3.07035
1.804 -3.02213 0.982656 0.274694 -1.42966 -3.06491
1.81972 -3.0325 0.988436 0.263879 -1.42171 -3.05953
1.83528 -3.04286 0.993873 0.25324 -1.41404 -3.05422
1.8507 -3.05322 0.998968 0.242782 -1.40663 -3.04899
1.86595 -3.06358 1.00372 0.232509 -1.3995 -3.04385
1.88105 -3.07392 1.00812 0.222426 -1.39262 -3.0388
1.89598 -3.08423 1.01218 0.212536 -1.386 -3.03386
1.91075 -3.09452 1.01589 0.202843 -1.37963 -3.02902
1.92535 -3.10478 1.01925 0.193351 -1.3735 -3.02431
1.93979 -3.115 1.02227 0.184063 -1.3676 -3.01973
1.95406 -3.12518 1.02493 0.174983 -1.36194 -3.01528
1.96817 -3.1353 1.02724 0.166113 -1.3565 -3.01097
1.98211 -3.14537 1.02921 0.157456 -1.35127 -3.0068
1.99587 -3.15537 1.03081 0.149014 -1.34625 -3.00279
2.00948 -3.1653 1.03207 0.140788 -1.34144 -2.99894
2.02291 -3.17516 1.03297 0.132782 -1.33681 -2.99524
2.03618 -3.18493 1.03351 0.124996 -1.33237 -2.99171
2.04928 -3.19462 1.0337 0.117431 -1.3281 -2.98836
2.06221 -3.20421 1.03354 0.110089 -1.324 -2.98517
2.07499 -2.22593 -1.03301 1.18123 -1.32007 -2.98216
2.0876 -2.23615 -1.03213 1.17341 -1.31628 -2.97934
2.10005 -2.24659 -1.0309 1.16544 -1.31264 -2.97669
2.11235 -2.25725 -1.0293 1.15731 -1.30914 -2.97423
2.12448 -2.26813 -1.02735 1.14903 -1.30576 -2.97195
2.13646 -2.27921 -1.02504 1.14059 -1.3025 -2.96986
2.14829 -2.2905 -1.02238 1.132 -1.29936 -2.96795
2.15997 -2.30199 -1.01935 1.12325 -1.29632 -2.96624
2.1715 -2.31367 -1.01596 1.11435 -1.29337 -2.96471
2.18288 -2.32553 -1.01222 1.10528 -1.29052 -2.96338
2.19412 -2.33759 -1.00812 1.09606 -1.28775 -2.96223
2.20521 -2.34982 -1.00366 1.08667 -1.28505 -2.96127
2.21617 -2.36222 -0.998837 1.07713 -1.28242 -2.9605
2.22699 -2.37479 -0.993656 1.06741 -1.27986 -2.95991
2.23767 -2.38753 -0.988115 1.05753 -1.27734 -2.95952
2.24822 -2.40043 -0.982213 1.04749 -1.27488 -2.9593
2.25864 -2.41349 -0.975949 1.03727 -1.27245 -2.95927
2.26894 -2.4267 -0.969322 1.02688 -1.27006 -2.95942
2.27911 -2.44007 -0.962332 1.01631 -1.26769 -2.95976
2.28915 -2.45358 -0.954977 1.00557 -1.26535 -2.96026
2.29908 -2.46723 -0.947255 0.994648 -1.26303 -2.96095
2.30889 -2.48103 -0.939166 0.983544 -1.26071 -2.96181
2.31858 -2.49496 -0.930705 0.972255 -1.2584 -2.96284
2.32816 -2.50903 -0.921872 0.960779 -1.25609 -2.96404
2.33763 -2.52324 -0.912664 0.949111 -1.25377 -2.96541
2.34699 -2.53758 -0.903077 0.93725 -1.25144 -2.96694
2.35624 -2.55205 -0.893107 0.925192 -1.2491 -2.96864
2.36539 -2.56665 -0.88275 0.912933 -1.24673 -2.97049
2.37444 -2.58139 -0.872001 0.900469 -1.24434 -2.9725
2.38338 -2.59625 -0.860856 0.887796 -1.24192 -2.97467
2.39223 -2.61125 -0.849306 0.87491 -1.23946 -2.97698
2.40099 -2.62638 -0.837346 0.861805 -1.23697 -2.97944
2.40965 -2.64165 -0.824966 0.848477 -1.23443 -2.98205
2.41821 -2.65706 -0.812158 0.834919 -1.23185 -2.9848
2.42669 -2.6726 -0.798911 0.821125 -1.22921 -2.98769
2.43508 -2.68829 -0.785213 0.807087 -1.22652 -2.99071
2.44338 -2.70413 -0.77105 0.792799 -1.22377 -2.99387
2.4516 -2.72013 -0.756406 0.77825 -1.22096 -2.99716
2.45974 -2.73629 -0.741265 0.763431 -1.21809 -3.00057
2.46779 -2.75261 -0.725605 0.748332 -1.21514 -3.00411
2.47577 -2.76912 -0.709403 0.732938 -1.21213 -3.00777
2.48366 -2.78583 -0.692634 0.717237 -1.20904 -3.01155
2.49149 -2.80273 -0.675265 0.701211 -1.20587 -3.01544
2.49923 -2.81986 -0.65726 0.684841 -1.20262 -3.01944
2.5069 -2.83723 -0.638579 0.668106 -1.19929 -3.02356
2.51451 -2.85487 -0.619172 0.65098 -1.19588 -3.02777
2.52204 -2.87279 -0.598981 0.633432 -1.19238 -3.0321
2.5295 -2.89104 -0.577936 0.615427 -1.18878 -3.03652
2.53689 -2.90965 -0.555953 0.596919 -1.1851 -3.04104
2.54422 -2.92867 -0.53293 0.577857 -1.18132 -3.04565
2.55148 -2.94817 -0.508739 0.558174 -1.17744 -3.05036
2.55868 -2.96821 -0.48322 0.537786 -1.17346 -3.05515
2.56581 -2.9889 -0.456163 0.516585 -1.16939 -3.06003
2.57288 -3.01037 -0.427293 0.494428 -1.16521 -3.06499
2.57989 -3.03281 -0.396231 0.471118 -1.16092 -3.07003
2.58684 -3.05647 -0.36243 0.446372 -1.15653 -3.07515
2.59373 -3.08176 -0.325057 0.419756 -1.15204 -3.08034
2.60056 -3.10933 -0.28272 0.390547 -1.14743 -3.0856
2.60734 -3.14049 -0.232752 0.35736 -1.14271 -3.09094
2.61406 -3.17839 -0.16853 0.316752 -1.13788 -3.09634
2.62072 -2.82231 -0.446803 -2.91686 1.13293 0.0397946
2.62732 -2.85177 -0.401318 -2.94702 1.12787 0.0342715
2.63388 -2.88394 -0.350011 -2.9802 1.1227 0.0286903
2.64037 -3.19849 0.289825 -3.31946 1.11741 0.0230534
2.64682 -3.16922 0.213401 -3.28619 1.112 0.0173634
2.65321 -3.11467 0.0845206 -3.22567 1.10647 0.0116229
