2209
2034
1989
2174
1871
2627
1914
2020
2240
2598
1797
1902
1986
2657
2014
2161
2022
1927
2388
1921
1992
1981
1908
2073
1920
1912
1889
2014
2139
1923
1845
1906
1918
2039
1954
2274
2074
2535
2128
1999
2189
2273
2249
3181
2109
2195
2074
2902
2137
2251
2074
2077
2121
2066
2102
2307
2059
2261
1915
1931
1882
2700
1963
2353
2006
1927
1915
1969
1937
1919
1944
2049
1930
1923
1921
2001
1923
2338
2098
2182
1974
3026
1916
2421
1941
2342
1836
2791
1904
2514
1943
2081
1940
1898
2050
2101
1868
2437
2590
2521
1916
2025
1955
2391
1981
1898
1928
2243
1920
2030
1916
2457
2232
2021
1924
2276
1907
1990
1956
1996
2082
2186
1993
2060
2038
2214
1974
2484
2035
2779
1897
2623
1999
1963
1944
1911
1959
2228
2040
1957
2433
2063
1961
1949
1992
1983
2027
2430
1996
2981
1906
2378
1948
2059
1835
1890
2132
2045
1919
1858
2139
1815
1997
1871
1985
1882
1850
1909
1944
1827
1916
2282
1845
1892
1802
1882
1900
1924
1825
1798
1760
1829
1766
1757
1797
2159
2019
2185
1725
1799
1802
1960
1831
2114
1933
1689
1804
1763
1798
1742
1806
1830
1763
2205
1767
1708
1792
1893
1777
1725
1756
1830
1700
1784
1746
1930
1778
1807
1747
1688
1781
2004
1810
2038
1735
2119
1668
1962
1729
1936
1855
2171
1750
1808
1818
1765
1740
1957
1758
2059
