0 -0.252564 0.469343 0.183807
0 -0.0745614 0.424025 0.187674
0 0.178333 0.514894 0.195116
0 0.275 0.538307 0.184199
0 -0.190179 0.384828 0.188161
0 0.139916 0.500639 0.19381
0 0.1675 0.511873 0.196525
0 0.059322 0.476158 0.197137
0 0.0594017 0.471399 0.191129
0 -0.204867 0.386554 0.196331
0 -0.0326087 0.438777 0.189459
0 -0.204867 0.386554 0.196331
0 -0.238393 0.373499 0.193444
0 -0.263393 0.367026 0.196463
0 -0.0230413 0.441592 0.188241
0 0.221667 0.525468 0.190186
0 -0.0991228 0.417665 0.19064
0 0.0619658 0.471399 0.191129
0 -0.215179 0.379164 0.190802
0 0.12563 0.496831 0.195585
0 0.0915254 0.483839 0.193555
0 -0.286937 0.356127 0.192409
0 -0.267117 0.361026 0.190124
0 0.284711 0.543893 0.189416
0 0.134746 0.494592 0.188541
0 0.200833 0.519426 0.193003
0 0.265702 0.539399 0.191511
0 -0.172124 0.394574 0.192591
0 -0.298649 0.352861 0.193932
0 -0.189823 0.390564 0.194461
