0 -0.252564 0.469343 0.183807
0 -0.0745614 0.424025 0.187674
0 0.178333 0.514894 0.195116
0 0.275 0.538307 0.184199
0 -0.190179 0.384828 0.188161
0 0.139916 0.500639 0.19381
0 0.1675 0.511873 0.196525
0 0.059322 0.476158 0.197137
0 0.0594017 0.471399 0.191129
0 -0.204867 0.386554 0.196331
0 -0.0326087 0.438777 0.189459
0 -0.204867 0.386554 0.196331
0 -0.238393 0.373499 0.193444
0 -0.263393 0.367026 0.196463
0 -0.0230413 0.441592 0.188241
0 0.221667 0.525468 0.190186
0 -0.0991228 0.417665 0.19064
0 0.0619658 0.471399 0.191129
0 -0.215179 0.379164 0.190802
0 0.12563 0.496831 0.195585
0 0.0915254 0.483839 0.193555
0 -0.286937 0.356127 0.192409
0 -0.267117 0.361026 0.190124
0 0.284711 0.543893 0.189416
0 0.134746 0.494592 0.188541
0 0.200833 0.519426 0.193003
0 0.265702 0.539399 0.191511
0 -0.172124 0.394574 0.192591
0 -0.298649 0.352861 0.193932
0 -0.189823 0.390564 0.194461
1 -0.252564 0.469343 0.183807
1 -0.0745614 0.424025 0.187674
1 0.178333 0.514894 0.195116
1 0.275 0.538307 0.184199
1 -0.190179 0.384828 0.188161
1 0.139916 0.500639 0.19381
1 0.1675 0.511873 0.196525
1 0.059322 0.476158 0.197137
1 0.0594017 0.471399 0.191129
1 -0.204867 0.386554 0.196331
1 -0.0326087 0.438777 0.189459
1 -0.204867 0.386554 0.196331
1 -0.238393 0.373499 0.193444
1 -0.263393 0.367026 0.196463
1 -0.0230413 0.441592 0.188241
1 0.221667 0.525468 0.190186
1 -0.0991228 0.417665 0.19064
1 0.0619658 0.471399 0.191129
1 -0.215179 0.379164 0.190802
1 0.12563 0.496831 0.195585
1 0.0915254 0.483839 0.193555
1 -0.286937 0.356127 0.192409
1 -0.267117 0.361026 0.190124
1 0.284711 0.543893 0.189416
1 0.134746 0.494592 0.188541
1 0.200833 0.519426 0.193003
1 0.265702 0.539399 0.191511
1 -0.172124 0.394574 0.192591
1 -0.298649 0.352861 0.193932
1 -0.189823 0.390564 0.194461
5 -0.252586 0.469683 0.183561
5 -0.0745614 0.424025 0.187674
5 0.178333 0.514894 0.195116
5 0.27314 0.542395 0.190114
5 -0.190179 0.384828 0.188161
5 0.139916 0.500639 0.19381
5 0.1675 0.511873 0.196525
5 0.059322 0.476158 0.197137
5 0.0594017 0.471399 0.191129
5 -0.204867 0.386554 0.196331
5 -0.0326087 0.438777 0.189459
5 -0.204867 0.386554 0.196331
5 -0.238393 0.373499 0.193444
5 -0.263393 0.367026 0.196463
5 -0.0230435 0.441142 0.188356
5 0.221667 0.525468 0.190186
5 -0.0991228 0.417665 0.19064
5 0.0619658 0.471399 0.191129
5 -0.215179 0.379164 0.190802
5 0.12563 0.496831 0.195585
5 0.0915254 0.483839 0.193555
5 -0.286909 0.355784 0.192667
5 -0.267117 0.361026 0.190124
5 0.284711 0.543893 0.189416
5 0.134746 0.494592 0.188541
5 0.202941 0.51511 0.187062
5 0.265702 0.539399 0.191511
5 -0.172124 0.394574 0.192591
5 -0.298649 0.352861 0.193932
5 -0.189823 0.390564 0.194461
20 -0.250855 0.474498 0.189685
20 -0.0745542 0.423687 0.187929
20 0.180252 0.51054 0.189193
20 0.273118 0.542061 0.190346
20 -0.188938 0.389762 0.194835
20 0.139904 0.500305 0.194049
20 0.169328 0.507494 0.190613
20 0.059322 0.476158 0.197137
20 0.0593962 0.471064 0.191375
20 -0.204848 0.386215 0.196585
20 -0.0326087 0.438777 0.189459
20 -0.205752 0.386554 0.196331
20 -0.238393 0.373499 0.193444
20 -0.263393 0.366216 0.19684
20 -0.0224138 0.446244 0.194491
20 0.221667 0.525468 0.190186
20 -0.0991132 0.417327 0.190894
20 0.0619658 0.471399 0.191129
20 -0.212811 0.384611 0.197333
20 0.12563 0.496831 0.195585
20 0.0915172 0.483505 0.193798
20 -0.287838 0.356127 0.192409
20 -0.265153 0.366685 0.196718
20 0.284711 0.543893 0.189416
20 0.134746 0.494592 0.188541
20 0.200833 0.519426 0.193003
20 0.263934 0.543445 0.197319
20 -0.172124 0.394574 0.192591
20 -0.29955 0.352861 0.193932
20 -0.189823 0.390564 0.194461
50 -0.253039 0.476164 0.198469
50 -0.0707011 0.465158 0.241806
50 0.17921 0.524013 0.214251
50 0.264784 0.562677 0.225601
50 -0.184481 0.413302 0.227831
50 0.144105 0.496498 0.195825
50 0.163441 0.533968 0.231575
50 0.060082 0.469301 0.201737
50 0.0565525 0.491119 0.221798
50 -0.197431 0.42221 0.238664
50 -0.033608 0.440218 0.197671
50 -0.206016 0.399034 0.216596
50 -0.233051 0.402425 0.231519
50 -0.262256 0.372808 0.21165
50 -0.0239474 0.457661 0.213937
50 0.226363 0.524642 0.191842
50 -0.0989267 0.436432 0.217857
50 0.06428 0.47746 0.204704
50 -0.216483 0.385224 0.206615
50 0.128621 0.483456 0.185596
50 0.0960746 0.476894 0.189369
50 -0.3 0.329772 0.176275
50 -0.275688 0.350414 0.188299
50 0.290813 0.53976 0.186297
50 0.130477 0.513206 0.219065
50 0.203262 0.526029 0.205516
50 0.262619 0.55154 0.216514
50 -0.172398 0.407628 0.212589
50 -0.312839 0.331729 0.17578
50 -0.19087 0.393068 0.210773
100 0.0124543 0.96123 0.827116
100 0.0290203 0.938344 0.808225
100 0.169537 0.553645 0.26962
100 -0.101898 1.17466 1.05118
100 -0.0295442 1.13213 0.992717
100 0.0560805 0.921286 0.782953
100 0.150757 0.588322 0.31465
100 0.0632797 0.497295 0.257033
100 0.055559 0.495051 0.242899
100 0.0182346 0.948483 0.820388
100 -0.0280848 0.521618 0.309942
100 0.0174418 0.948845 0.821328
100 -0.238264 0.390622 0.233112
100 -0.275302 0.367691 0.227012
100 -0.00535982 0.563033 0.358214
100 0.0681385 0.913889 0.773933
100 -5.10983e+15 6.94661e+15 5.8289e+15
100 0.0655513 0.487174 0.223877
100 -0.206454 0.419377 0.262978
100 -0.0800079 1.17392 1.0446
100 0.0491616 0.919727 0.786906
100 -0.305484 0.324865 0.189846
100 0.0130635 0.953267 0.826456
100 0.0749649 0.91592 0.7741
100 -0.081844 1.1746 1.04592
100 0.200011 0.537622 0.238397
100 0.0723782 0.916016 0.774351
100 -0.186194 0.360887 0.181829
100 -0.0188812 1.12069 0.980264
100 0.0185383 0.947908 0.820049
200 -5.10983e+15 6.94661e+15 5.8289e+15
200 -5.10983e+15 6.94661e+15 5.8289e+15
200 -5.10983e+15 6.94661e+15 5.8289e+15
200 -5.10983e+15 6.94661e+15 5.8289e+15
200 -5.10983e+15 6.94661e+15 5.8289e+15
200 -5.10983e+15 6.94661e+15 5.8289e+15
200 -5.10983e+15 6.94661e+15 5.8289e+15
200 -0.00398214 1.03646 0.90546
200 -5.10983e+15 6.94661e+15 5.8289e+15
200 -5.10983e+15 6.94661e+15 5.8289e+15
200 -5.10983e+15 6.94661e+15 5.8289e+15
200 -5.10983e+15 6.94661e+15 5.8289e+15
200 -5.10983e+15 6.94661e+15 5.8289e+15
200 -5.10983e+15 6.94661e+15 5.8289e+15
200 -5.10983e+15 6.94661e+15 5.8289e+15
200 -5.10983e+15 6.94661e+15 5.8289e+15
200 -5.10983e+15 6.94661e+15 5.8289e+15
200 -5.10983e+15 6.94661e+15 5.8289e+15
200 -5.10983e+15 6.94661e+15 5.8289e+15
200 -5.10983e+15 6.94661e+15 5.8289e+15
200 -5.10983e+15 6.94661e+15 5.8289e+15
200 -5.10983e+15 6.94661e+15 5.8289e+15
200 -5.10983e+15 6.94661e+15 5.8289e+15
200 -5.10983e+15 6.94661e+15 5.8289e+15
200 -5.10983e+15 6.94661e+15 5.8289e+15
200 -5.10983e+15 6.94661e+15 5.8289e+15
200 -5.10983e+15 6.94661e+15 5.8289e+15
200 -5.10983e+15 6.94661e+15 5.8289e+15
200 -5.10983e+15 6.94661e+15 5.8289e+15
200 -5.10983e+15 6.94661e+15 5.8289e+15
255 -5.10983e+15 6.94661e+15 5.8289e+15
255 -5.10983e+15 6.94661e+15 5.8289e+15
255 -5.10983e+15 6.94661e+15 5.8289e+15
255 -5.10983e+15 6.94661e+15 5.8289e+15
255 -5.10983e+15 6.94661e+15 5.8289e+15
255 -5.10983e+15 6.94661e+15 5.8289e+15
255 -5.10983e+15 6.94661e+15 5.8289e+15
255 -5.10983e+15 6.94661e+15 5.8289e+15
255 -5.10983e+15 6.94661e+15 5.8289e+15
255 -5.10983e+15 6.94661e+15 5.8289e+15
255 -5.10983e+15 6.94661e+15 5.8289e+15
255 -5.10983e+15 6.94661e+15 5.8289e+15
255 -5.10983e+15 6.94661e+15 5.8289e+15
255 -5.10983e+15 6.94661e+15 5.8289e+15
255 -5.10983e+15 6.94661e+15 5.8289e+15
255 -5.10983e+15 6.94661e+15 5.8289e+15
255 -5.10983e+15 6.94661e+15 5.8289e+15
255 -5.10983e+15 6.94661e+15 5.8289e+15
255 -5.10983e+15 6.94661e+15 5.8289e+15
255 -5.10983e+15 6.94661e+15 5.8289e+15
255 -5.10983e+15 6.94661e+15 5.8289e+15
255 -5.10983e+15 6.94661e+15 5.8289e+15
255 -5.10983e+15 6.94661e+15 5.8289e+15
255 -5.10983e+15 6.94661e+15 5.8289e+15
255 -5.10983e+15 6.94661e+15 5.8289e+15
255 -5.10983e+15 6.94661e+15 5.8289e+15
255 -5.10983e+15 6.94661e+15 5.8289e+15
255 -5.10983e+15 6.94661e+15 5.8289e+15
255 -5.10983e+15 6.94661e+15 5.8289e+15
255 -5.10983e+15 6.94661e+15 5.8289e+15
