0.372346 0.198666 200
0.169379 0.202945 217
0.360832 0.192875 190
-0.292604 -0.160968 117
0.223579 0.0752104 270
-0.152228 -0.418585 55
-0.371412 -0.208679 86
-0.290652 0.161802 235
0.104823 0.0691555 272
0.283823 0.194619 207
0.00274701 -0.0331945 274
-0.104029 0.111847 278
-0.216057 0.175495 296
0.13602 -0.0159486 277
-0.0759461 0.0433051 274
0.180485 0.0323494 264
-0.018931 -0.23083 159
-0.0584342 -0.0333916 262
-0.244601 -0.39661 43
-0.148565 0.00453456 243
-0.137587 -0.317308 103
-0.263165 -0.452151 0
0.370551 0.0925934 261
0.241427 -0.00387853 271
-0.281113 -0.287175 83
0.197813 0.187667 212
-0.00705822 -0.499165 42
0.122704 -0.195942 194
-0.280578 -0.238831 99
-0.217343 0.0491376 237
-0.336588 0.0713999 169
-0.347669 -0.384846 11
-0.0684516 -0.157677 187
-0.0315081 -0.19081 171
-0.0093233 -0.0402652 267
0.220481 0.00702362 272
0.315656 0.041015 264
0.230648 -0.317981 145
0.154331 -0.015223 272
-0.372886 -0.0336765 129
0.107971 -0.435752 89
-0.0329754 -0.151227 198
0.205438 0.194808 227
0.055316 -0.269711 156
0.282568 -0.0860492 280
-0.36167 0.0384503 159
0.240631 -0.145532 244
0.330056 -0.000692459 268
-0.0655001 0.143177 268
-0.0576262 0.194469 275
0.0607175 -0.114588 248
-0.256457 -0.421032 27
-0.202383 -0.331869 82
0.232301 0.105538 242
-0.125664 0.0857136 283
-0.150126 -0.342356 92
-0.364846 0.171948 188
-0.212072 -0.262512 101
0.341263 -0.0629665 281
0.209173 -0.170033 223
0.365595 -0.261255 164
-0.324303 0.0981215 191
0.220198 -0.0860519 273
0.0708777 -0.112707 254
0.174599 0.162895 229
0.146425 -0.310621 141
0.134865 0.0429002 270
-0.0807596 0.0402968 279
0.0461681 -0.239666 164
-0.218949 -0.0991338 152
0.0205286 -0.468109 62
-0.0718436 -0.484537 36
-0.110428 -0.126902 179
0.0696179 0.0593754 288
-0.107741 0.175508 268
-0.259171 -0.0983823 148
-0.0788188 -0.172957 177
-0.0845281 -0.516073 8
0.170216 -0.272158 161
-0.0835726 -0.403363 77
0.32062 0.0707134 253
-0.0479118 -0.291589 129
0.272009 -0.1286 261
0.09027 -0.400763 103
-0.28534 -0.0735135 151
-0.0210324 -0.327772 109
-0.119835 -0.0344407 228
0.0223815 -0.00808913 272
0.162076 0.0361137 258
0.366285 -0.187094 206
0.00412388 0.160003 284
0.0437016 -0.410716 93
0.00239252 0.0943627 283
-0.0281443 -0.121243 213
0.034944 0.222101 242
-0.0393117 -0.466368 56
0.265838 -0.192991 211
0.0781736 -0.44501 81
-0.00109186 0.196424 257
-0.349262 0.0561828 166
0.357752 0.0879774 263
-0.10261 0.126521 270
-0.115325 -0.225163 141
-0.341205 0.0750514 176
0.12009 -0.20144 181
0.187456 0.157986 227
-0.275253 -0.388615 39
-0.303484 -0.415846 8
-0.162995 -0.422949 52
0.226584 0.126969 222
-0.316832 -0.0902216 134
0.0955383 -0.112605 251
-0.36893 -0.416284 0
0.135215 0.114773 250
0.0254498 -0.0584587 272
-0.0459999 -0.261786 145
-0.225337 -0.140063 140
-0.271499 -0.223644 107
-0.0882503 -0.468025 48
-0.344647 -0.432511 0
-0.185283 -0.387069 69
0.00357825 -0.345036 114
0.241954 -0.21205 192
0.242592 0.152037 211
-0.14863 0.18359 276
-0.339042 -0.156852 108
-0.189114 -0.158061 158
0.0330421 -0.27171 152
0.290795 0.15004 216
-0.11712 -0.248065 123
-0.350049 -0.441598 0
-0.252846 0.060189 224
0.283023 -0.232696 192
-0.217274 -0.343732 84
-0.170435 -0.222066 122
-0.00566851 -0.452659 65
-0.207435 -0.42602 38
-0.00727388 0.181538 267
0.341208 0.192101 200
0.113977 -0.0935936 278
-0.0485657 -0.348915 102
0.0396609 -0.260131 156
-0.335136 0.0908955 173
-0.133117 -0.513447 0
-0.071264 -0.492732 29
0.231853 -0.0381634 282
-0.181278 0.0237918 233
-0.277615 -0.0391905 170
-0.00500486 -0.186807 180
-0.0911247 -0.114743 193
0.163852 -0.302759 149
-0.159146 0.0335196 261
0.0925767 -0.383284 108
0.233905 -0.00991842 260
-0.140619 -0.387367 78
-0.0857171 -0.248637 138
-0.117053 -0.0557861 218
0.236827 0.0601706 265
-0.0904359 0.172039 275
-0.0311273 0.0567845 282
-0.14729 -0.159906 163
0.307924 -0.198106 204
-0.00853671 -0.189912 179
0.191842 -0.295238 156
-0.293954 -0.143619 123
-0.0798076 -0.141921 191
0.27764 0.0882208 246
-0.104354 0.0711236 277
0.312838 -0.0417614 271
0.0328541 -0.241043 168
-0.269892 0.0836853 223
-0.225095 -0.125381 150
0.336694 -0.261955 172
0.367582 0.179251 205
-0.194943 0.131957 282
-0.36261 -0.112383 115
-0.0835386 -0.0581437 236
0.209767 -0.0847165 266
-0.0175214 -0.369193 101
0.0301035 -0.299065 133
-0.361162 -0.171807 99
-0.229128 0.108232 254
-0.0440824 -0.355559 101
-0.264128 -0.396969 41
-0.195373 -0.354252 73
0.22474 -0.198226 203
-0.0202387 -0.291673 133
-0.307633 0.167535 223
0.108413 -0.202344 185
0.0997977 -0.386388 100
0.0632867 0.153661 260
0.169991 0.209811 226
-0.109021 -0.195848 154
-0.253254 -0.21846 118
-0.274698 -0.0788279 155
-0.0378329 -0.328341 117
-0.343459 -0.0728677 132
0.223023 0.00841183 257
-0.249333 -0.35869 52
-0.131277 -0.302493 111
0.116835 -0.285916 149
-0.0598575 -0.206875 168
0.211432 -0.144106 247
-0.290106 -0.460863 0
-0.23882 0.075761 253
-0.17556 0.171641 271
-0.191896 0.0227482 217
-0.299446 -0.158543 120
-0.116754 -0.0911062 198
-0.163779 -0.347037 87
0.35148 -0.180863 216
-0.21467 0.197316 270
0.0794462 -0.114896 236
-0.205087 -0.134148 153
-0.232571 -0.351304 68
-0.0738214 -0.158327 173
-0.065032 -0.0569549 241
-0.247386 -0.0156483 183
-0.150711 -0.228364 136
0.102351 -0.249423 170
-0.261319 0.215986 269
0.287976 0.138876 214
0.344416 0.159965 210
-0.36145 0.0721379 166
0.0621348 -0.450966 76
-0.129152 -0.273482 120
-0.2782 -0.015204 169
-0.156029 -0.422585 52
0.260332 0.0159206 268
-0.201927 -0.444929 24
0.00148079 -0.034682 286
-0.373802 -0.15437 111
-0.365596 0.0592888 163
-0.16006 0.0112778 229
-0.300976 0.15279 233
-0.0864336 0.143192 279
-0.108488 -0.274378 121
0.164978 -0.000940626 268
-0.325916 -0.376643 28
0.0103944 -0.502094 39
-0.0570163 0.0330557 282
0.142351 -0.149983 242
-0.184543 -0.165058 149
-0.0738603 0.153542 273
-0.176643 -0.0676 191
0.325688 -0.0617502 274
-0.0206061 0.119582 278
0.0831871 0.0791171 284
-0.00869859 -0.0924589 246
0.0108897 -0.387808 96
-0.191236 -0.345051 79
-0.125246 0.139884 280
0.00177178 -0.503494 34
0.0720435 -0.157574 213
-0.142383 -0.399055 69
0.347248 0.20901 190
-0.2007 0.00952085 211
0.185178 -0.149646 235
-0.1331 -0.171684 160
-0.136326 -0.480286 25
0.339354 -0.0135211 269
0.0260408 -0.493177 50
0.325952 -0.133763 250
-0.157733 0.0886114 279
-0.325857 0.0881603 174
-0.201084 0.0168297 228
-0.228669 -0.0302961 187
-0.0583362 -0.136054 188
0.327041 0.204731 196
-0.268337 -0.0382564 176
0.107386 0.0752479 267
-0.0204509 -0.184652 183
-0.0473003 -0.200706 164
-0.19176 0.0939853 283
0.00443956 -0.462398 59
-0.317622 -0.394959 17
0.160428 -0.231797 182
0.0879037 0.0985348 277
-0.233187 0.0775233 238
-0.0772636 -0.479647 36
-0.166752 -0.225557 124
0.268574 -0.129843 263
0.306702 -0.2124 195
0.0879593 -0.0323551 274
-0.239386 -0.05402 176
0.0112678 -0.306012 127
0.243474 -0.201262 194
-0.105507 -0.513385 8
0.237088 0.213048 200
-0.154959 -0.399624 63
-0.245912 -0.445338 10
-0.00540781 -0.245693 157
-0.228506 -0.376411 62
0.273231 -0.157734 233
-0.221852 -0.27038 102
0.0872042 0.188723 236
0.283538 0.165249 206
-0.0806482 -0.485492 36
0.334933 0.0283936 245
-0.249976 -0.32316 75
0.353908 -0.207873 193
0.0479737 -0.114097 243
0.0737767 0.182053 234
-0.276584 -0.211692 119
0.050083 0.212289 243
0.0407852 -0.298909 137
-0.142133 0.000824069 242
-0.284513 -0.0252459 173
0.178343 -0.120655 259
-0.192957 -0.00142086 226
0.242144 -0.0251041 259
-0.235893 -0.391401 50
-0.140492 -0.428989 61
0.286294 0.22431 193
-0.328093 -0.1041 125
-0.276329 0.1364 244
-0.307535 -0.0231185 163
-0.368764 -0.382175 0
-0.0326172 -0.248313 149
0.100727 -0.179456 211
0.0223222 0.211228 248
-0.00159793 -0.407696 87
-0.123152 0.116642 275
-0.185382 -0.0414266 198
-0.199743 -0.242796 112
-0.245128 -0.381807 57
0.0719858 -0.20381 186
0.17017 -0.163483 224
0.15537 -0.0828694 282
-0.198926 -0.355359 76
-0.0165032 -0.236536 150
-0.361341 -0.0877602 128
0.116043 -0.30717 139
-0.31645 -0.0621818 146
-0.0204232 -0.326039 113
0.372356 0.0932822 255
0.0240731 0.211998 244
0.299577 0.0226866 268
0.204676 -0.267092 163
-0.22218 -0.086948 164
-0.0938906 0.154731 287
0.261067 0.13474 220
-0.129976 0.0883204 277
-0.129948 -0.329454 104
0.119408 -0.0792328 274
0.0650737 -0.508116 45
-0.338263 -0.206056 102
0.202474 -0.290461 155
-0.00618587 -0.403886 97
-0.00886199 -0.390925 90
-0.0531551 -0.207836 168
-0.0789542 -0.454328 53
0.20734 -0.0761073 283
0.356066 -0.171807 213
0.186379 -0.00303802 278
0.100877 -8.41109e-05 283
-0.320865 -0.0461019 148
0.100022 -0.499797 56
0.0216905 -0.473395 57
-0.152874 -0.2853 115
-0.131004 -0.126852 178
0.0983399 -0.0341657 285
0.370879 -0.219286 192
0.0120359 0.0899859 264
0.16834 0.0137692 258
-0.190819 0.201487 279
-0.125746 -0.1265 176
0.186457 -0.281141 149
0.135954 -0.066781 276
-0.315868 0.0591017 177
-0.0307978 -0.20741 163
-0.324086 -0.325146 55
-0.323145 -0.409757 0
0.0202821 -0.314246 124
-0.178463 -0.194936 137
-0.0124686 -0.129643 205
-0.276896 -0.181932 112
-0.304169 0.131529 203
-0.284714 -0.136461 139
0.352378 0.182717 192
0.192211 -0.0467182 267
-0.173868 0.19327 272
-0.0631781 -0.0179083 276
-0.0189612 -0.308202 124
-0.333419 -0.0211439 155
0.0853081 -0.00364463 268
-0.00703561 -0.474005 49
0.313707 -0.0241255 252
-0.147131 0.108294 287
0.217576 -0.266653 161
-0.205329 0.0603897 241
-0.0382861 -0.018501 276
0.00758168 -0.519964 24
-0.202026 -0.0733721 180
0.158911 -0.234922 175
0.363339 0.161993 197
0.11641 -0.524137 37
-0.1705 -0.178163 148
-0.0232383 -0.206738 173
-0.372749 -0.179313 95
-0.0401821 0.0526198 284
0.353208 -0.283146 154
-0.146502 0.0635545 277
-0.213668 -0.171482 137
-0.189311 -0.498178 0
-0.0102217 0.0163185 278
-0.0693736 -0.169886 174
-0.213278 -0.410459 48
0.0301891 -0.269157 141
0.167268 -0.0694581 276
-0.16223 -0.381191 75
0.0321466 0.0288201 265
-0.126017 0.163068 271
0.226322 -0.323204 135
0.267804 0.049125 260
-0.363831 -0.383504 0
0.288707 -0.309376 146
0.0698152 -0.456665 75
-0.310337 -0.092843 137
0.318657 -0.0124776 265
0.31029 -0.115055 266
0.360568 -0.205703 193
0.300017 -0.0416679 253
0.337286 -0.0392868 264
0.325891 -0.0157374 267
-0.368757 -0.04816 130
0.208346 0.183881 211
-0.355531 -0.368299 17
0.0659078 0.00696127 275
0.112336 -0.347827 122
-0.128823 -0.435453 55
-0.29169 -0.069522 147
-0.281796 -0.187397 116
0.355436 -0.180956 204
0.0249221 -0.0285414 277
0.121725 0.0527141 274
0.156193 -0.262336 171
-0.323446 -0.0284928 160
-0.220533 -0.212881 122
-0.0499277 0.106447 279
-0.366606 0.0996876 168
-0.323053 -0.332669 54
-0.117704 -0.0649044 216
-0.140827 -0.0883131 185
0.369557 -0.119445 270
-0.173202 0.127456 274
-0.108292 -0.286444 116
0.258642 0.179872 206
-0.212146 -0.0408361 189
0.348714 -0.165403 224
0.159144 -0.0455123 276
0.362001 -0.116463 272
0.194924 -0.0395164 272
-0.230055 -0.117086 155
-0.110558 0.015785 273
-0.227775 -0.133129 149
0.249051 0.220278 205
-0.0332522 -0.477306 52
-0.125487 -0.221565 139
0.253695 -0.18872 212
0.0407316 -0.250638 163
-0.284351 0.0476285 187
-0.215862 -0.0540777 184
-0.00657056 0.0539853 289
-0.0677589 0.17464 283
0.194634 0.204556 225
-0.107202 -0.380979 81
0.361155 -0.00280025 258
0.250966 -0.130947 269
-0.0996041 -0.127242 187
-0.337031 0.120855 195
0.356671 -0.16136 226
0.256942 -0.229908 181
0.277095 -0.0214266 261
-0.318376 0.0309435 162
-0.350718 -0.134961 113
0.0854489 -0.264215 153
0.0866459 -0.085431 274
0.121973 -0.328391 129
-0.175584 0.0411999 254
-0.286203 -0.193198 114
-0.140201 -0.00915294 241
0.279087 -0.255579 171
-0.199767 0.0272551 225
0.231044 -0.228969 170
0.0423988 -0.0124381 283
0.332694 0.00303558 273
0.0027776 -0.193271 175
0.124813 -0.510317 53
-0.260276 -0.276857 92
0.354922 -0.206768 194
0.100325 -0.322297 125
-0.241013 -0.37721 49
-0.319393 0.0912909 190
-0.00376891 -0.202559 168
0.214485 0.140828 224
-0.0264902 -0.231613 167
0.287274 0.0518358 269
0.110527 -0.227406 185
0.302431 0.0813856 255
-0.37052 0.0413078 159
0.145171 -0.241953 171
0.0638172 -0.362986 112
-0.295979 0.0678054 193
0.36774 0.186978 193
-0.202506 -0.279326 102
-0.125319 -0.0215517 249
0.142037 -0.196016 199
0.346066 0.100125 245
-0.205051 0.0516407 237
0.282185 0.121485 215
-0.0511916 0.217404 275
-0.0218344 -0.139182 201
0.0465769 0.138211 264
0.253212 -0.0839805 274
-0.263768 -0.408936 28
0.104459 -0.375103 118
0.371695 -0.219784 186
0.104546 0.0365293 277
-0.0453613 0.0941879 281
-0.353709 0.0674723 167
-0.312637 -0.286107 68
0.0227754 -0.124452 230
-0.232379 -0.422781 32
-0.17863 -0.0160108 209
-0.0358164 -0.153617 187
-0.0299798 -0.382717 96
0.130228 -0.153746 225
-0.242285 -0.414294 35
-0.234127 -0.483769 0
-0.302635 0.113035 201
-0.132094 -0.10458 177
-0.247255 0.172207 271
-0.356449 -0.0024996 147
0.247982 -0.0879068 287
-0.191379 0.0865479 276
-0.268474 0.13426 247
-0.258419 0.216684 290
-0.147742 -0.524608 0
-0.349821 0.124079 190
-0.068033 -0.0655751 247
0.212343 0.217463 215
-0.0424711 -0.12924 208
-0.361884 -0.165357 104
-0.160662 0.0760107 267
-0.246514 -0.151429 141
-0.304388 0.150639 216
-0.169566 -0.0940041 181
-0.223977 0.108884 268
0.189837 0.0289802 265
0.22566 -0.0855097 277
0.0645631 -0.339949 122
-0.00225411 -0.0251878 278
0.0682299 -0.462388 76
0.0515936 -0.0555302 269
-0.236176 -0.0292916 179
0.301242 0.0223139 259
-0.356653 0.143064 187
-0.176718 0.211727 275
0.211886 0.0517718 258
0.0747766 -0.0889151 286
0.0421616 0.171235 248
-0.3026 -0.0899322 142
-0.0762065 -0.434355 65
-0.345073 0.122033 188
0.0638376 -0.161778 207
-0.0650888 0.108642 283
-0.27785 -0.367946 48
0.0817042 -0.110781 255
-0.333445 -0.0525875 131
-0.0359521 -0.0639649 260
-0.0112392 -0.253191 150
-0.324415 -0.487851 0
-0.209246 -0.157823 143
0.108274 -0.380617 106
-0.0593598 -0.383196 90
0.139662 -0.0486016 271
-0.20155 -0.3136 95
0.371081 -0.121052 257
-0.0483052 -0.00362772 283
0.182844 -0.150663 237
-0.121462 -0.123149 177
-0.102813 -0.191113 158
0.168809 -0.157232 227
0.25313 0.114749 234
-0.0764734 0.130446 288
0.263772 -0.322279 139
-0.246298 -0.368654 50
0.335546 -0.101265 282
-0.111828 -0.0447661 218
-0.086341 -0.212228 154
-0.0752025 -0.370518 85
0.163775 0.18595 217
-0.327014 -0.418469 0
0.123394 -0.400155 95
-0.242766 -0.059281 168
-0.0967814 -0.0947177 204
-0.2487 -0.485942 0
-0.290098 0.173401 249
-0.26057 0.0214963 186
-0.0783624 0.0283812 289
-0.0776437 -0.477447 37
-0.354027 0.12033 179
-0.0374758 0.175804 276
-0.301092 0.213299 257
0.312013 0.119204 227
-0.0252622 0.0641692 285
0.186847 -0.139967 238
0.17723 -0.226058 175
0.117411 -0.424552 89
-0.213148 -0.501833 0
-0.336381 0.179356 211
-0.330976 -0.29902 61
-0.0589449 -0.30335 119
0.232808 -0.275298 157
-0.137386 -0.174699 156
0.288069 -0.0388512 270
-0.0681689 -0.506079 27
-0.223825 0.106655 269
-0.355875 -0.105726 129
-0.32517 0.115575 195
0.132298 -0.264091 164
-0.314193 -0.19048 101
-0.127941 -0.48432 24
-0.0978152 -0.392169 77
0.222643 -0.027894 278
-0.242636 -0.276878 97
-0.305467 0.148865 223
-0.330289 -0.436384 0
-0.15982 0.216313 276
0.161989 -0.120013 258
-0.00484362 0.00518806 278
0.303843 0.224619 193
-0.0715852 -0.309113 110
-0.324468 -0.214108 97
-0.0937315 -0.17637 159
0.261434 0.0479678 256
-0.101469 0.088653 284
-0.268042 -0.449834 0
-0.0587253 -0.391412 91
0.276722 -0.255274 172
0.0252694 -0.133586 218
-0.0790752 -0.273113 128
-0.1258 -0.393248 76
-0.342726 -0.36829 22
0.267386 0.153865 213
-0.23948 -0.0184566 194
-0.125013 -0.173649 163
-0.0514767 0.159099 270
-0.129404 -0.446991 43
-0.185557 0.0341596 241
-0.276326 0.0272006 188
-0.307109 -0.103604 130
-0.165342 -0.0770915 190
0.0586192 -0.300047 141
-0.110243 -0.424408 68
-0.137278 -0.365549 83
0.207555 0.146206 216
-0.0973654 -0.47141 37
-0.231385 -0.343135 80
-0.366732 -0.484684 0
-0.0807941 -0.193708 164
0.365462 0.147894 219
0.103465 -0.454972 76
0.0907909 -0.294475 144
0.318821 -0.182957 218
-0.360411 0.221542 208
0.165304 -0.27593 156
0.0683076 -0.30199 138
-0.332617 -0.478466 0
0.104084 -0.301317 141
-0.152646 -0.490237 14
-0.02658 -0.145929 204
0.33595 0.0460694 269
0.0389493 -0.0516975 279
0.00255773 -0.457581 65
-0.274998 -0.464353 0
0.159844 0.0579304 272
0.318825 0.153851 209
0.302662 -0.124671 269
0.102219 -0.443134 77
-0.118523 0.0943566 282
0.12274 -0.271427 151
0.119708 -0.30452 145
-0.172171 0.0347351 249
0.10671 -0.517248 39
-0.0530597 -0.488664 40
0.22666 -0.0240629 262
-0.125862 -0.072399 204
0.15788 -0.130423 266
0.115708 0.0222821 267
-0.194509 0.00544011 215
0.314338 0.0610328 256
0.077878 -0.309017 142
-0.0875659 -0.00560101 265
0.210094 -0.107498 283
-0.00374644 -0.227609 160
-0.0765093 0.0601316 279
-0.166547 -0.271812 110
-0.193105 -0.0691006 186
-0.373882 0.0309405 153
-0.0787596 -0.44639 54
-0.223502 -0.429084 31
0.204056 -0.112845 274
0.0813426 -0.161078 214
0.209293 0.142857 222
-0.000455846 0.0742202 274
-0.0866166 0.0257558 283
-0.279032 -0.470336 0
-0.187751 -0.458604 20
0.00236445 0.0737631 287
-0.278841 0.182256 271
0.359015 -0.0122133 261
-0.207451 0.0170434 211
-0.038469 -0.43688 75
0.129044 -0.0444616 266
0.307024 -0.278389 152
0.254072 -0.034641 274
-0.216083 0.0368486 227
0.338303 -0.0876107 273
0.283419 0.0300242 273
0.353035 0.0262182 269
-0.0578179 0.202949 285
0.252957 0.125198 220
-0.305011 -0.460324 0
0.13007 -0.250173 162
-0.301222 -0.248101 89
0.148119 -0.0112286 267
-0.213037 -0.0765438 168
0.208373 0.067023 264
-0.314448 -0.24926 83
-0.0710241 -0.370479 94
-0.219382 -0.46 12
-0.311225 0.0539504 183
0.0143869 -0.370744 106
0.358865 -0.233796 179
-0.250432 -0.111166 149
-0.146436 -0.0435445 215
0.060667 -0.16164 207
-0.0839458 0.061449 280
-0.37049 -0.449545 0
-0.36756 -0.30445 48
-0.22622 -0.34697 71
-0.0799634 -0.126846 195
-0.22761 -0.456376 14
0.251444 -0.221013 187
-0.317097 -0.440787 0
-0.156435 0.0633209 283
-0.16839 -0.306322 104
0.0912795 -0.0723499 279
0.315878 0.198317 193
-0.205936 -0.200636 137
-0.161403 -0.00393585 221
-0.311525 0.0435745 179
-0.129152 -0.200518 150
-0.335926 -0.0333765 150
0.0831633 -0.442684 82
0.0334296 0.17532 262
-0.114072 -0.384404 85
0.0202249 -0.325366 124
0.374896 0.0733727 254
0.266437 -0.159297 231
0.302223 0.0517187 266
-0.278396 -0.227995 108
0.0868636 -0.320296 131
0.365873 -0.0200288 283
0.109214 -0.202827 190
0.187749 -0.186196 206
0.193029 -0.0676071 274
0.124983 -0.480448 65
0.0300206 -0.288141 136
0.172691 0.0545416 260
0.209806 -0.00267526 275
-0.00851472 -0.431001 68
0.070319 -0.427386 88
-0.316217 -0.519135 0
-0.348623 -0.207668 94
-0.0958415 -0.0333201 241
-0.316565 0.0171919 161
0.213141 -0.126593 261
-0.0171601 -0.443387 67
-0.0445107 -0.0511752 252
-0.163655 -0.430125 47
0.0126038 -0.424273 82
-0.0991046 -0.451054 53
-0.286581 -0.41848 16
0.0739687 -0.398812 99
-0.362563 -0.377813 5
-0.0241671 -0.28689 134
-0.295119 -0.287678 83
-0.120953 -0.361828 85
-0.309831 -0.336719 55
-0.221132 0.144692 270
0.0133343 0.00241742 289
-0.0174156 -0.108197 213
-0.348607 -0.386675 7
0.264702 0.16035 215
0.360225 0.00503641 261
0.271731 -0.106658 272
0.24098 -0.289928 154
0.0736738 -0.0581271 270
0.245081 0.215951 199
0.0282046 -0.397176 95
-0.249163 -0.227401 112
-0.360834 -0.469504 0
0.267375 -0.011928 268
0.256033 -0.223209 187
0.21614 0.212126 209
0.172139 -0.223362 187
0.175911 -0.059496 276
0.0648475 -0.409223 97
0.0474224 -0.238991 170
0.0789279 0.0435843 285
-0.299008 0.128333 220
0.0892609 -0.261917 162
0.175365 -0.0108482 259
-0.156777 -0.304389 106
-0.136031 -0.127028 175
0.0554196 0.0993175 279
0.105948 -0.0768824 280
-0.333434 -0.273517 65
0.359936 -0.300581 145
0.219387 -0.185556 215
0.104385 -0.208016 181
-0.131755 -0.255295 123
0.354509 -0.106261 276
0.00392622 0.031909 285
0.316083 -0.206749 196
0.0522089 -0.202983 181
-0.04024 -0.431345 75
-0.284852 -0.307361 71
0.363693 -0.28686 154
-0.202523 -0.0347324 187
0.0727469 0.192702 238
0.0527608 0.176798 256
0.198483 -0.181585 212
-0.065863 -0.344641 105
-0.333086 0.0479235 168
0.00450128 0.0444955 274
-0.245969 0.030486 215
0.0217695 0.0327663 273
0.0258878 -0.44556 78
0.137014 -0.0138297 253
-0.0206792 -0.177555 186
-0.126889 -0.365878 83
-0.0941138 -0.451111 52
-0.271556 0.0926809 221
-0.128025 -0.402323 66
0.12038 -0.0255096 273
-0.327192 0.145792 214
0.305539 -0.137581 254
-0.296506 0.00202673 169
-0.300561 -0.409807 17
-0.0806098 0.190093 270
0.124252 -0.119337 265
-0.0033012 -0.0151996 274
-0.0282059 -0.497578 38
-0.216535 0.0819029 261
-0.0678729 0.0364642 281
-0.294207 -0.43486 0
-0.00800917 -0.131216 210
-0.291133 -0.280625 80
-0.106051 -0.115163 188
-0.157003 -0.225839 132
-0.129147 -0.21368 147
-0.180728 -0.389447 64
0.0339054 -0.33346 121
-0.322776 -0.509598 0
-0.361994 0.167757 185
-0.273811 -0.0347251 153
0.297405 0.17446 205
0.0777474 0.165823 242
0.339664 0.0709934 266
0.310622 -0.0919544 282
-0.193236 -0.194973 136
-0.0426498 0.0389598 273
0.0470117 -0.353498 113
-0.111647 -0.47686 34
-0.347491 0.0504971 164
0.0478375 -0.0215984 269
-0.114608 0.0114094 274
0.203791 -0.0434544 270
0.0976421 -0.210714 181
0.294457 -0.231928 183
0.271495 0.0871051 256
-0.121791 -0.286929 111
0.122836 0.0859048 263
0.138271 0.0668051 260
-0.0749392 0.114198 274
-0.361206 -0.145773 103
-0.371936 -0.048254 134
-0.0822761 0.188171 283
0.374956 -0.192027 205
-0.224952 -0.479986 0
0.096032 0.125062 258
0.314612 -0.0516084 272
0.264587 -0.258695 161
0.245882 0.222752 207
-0.168098 -0.0356617 212
0.108757 -0.071257 273
-0.0613589 -0.234566 146
-0.0219408 -0.506149 32
0.131502 -0.209166 190
0.0533272 0.0193315 270
-0.0462433 -0.247228 150
-0.134965 0.10617 274
0.311598 0.0256723 270
0.361581 -0.0967306 278
-0.165221 -0.392359 66
-0.360167 0.193038 201
-0.122776 -0.326008 104
0.289611 0.168436 205
-0.291551 -0.357172 54
-0.140942 -0.244827 129
0.0186186 -0.459375 62
-0.285469 -0.0449126 162
-0.14051 -0.491212 14
-0.15826 0.0173801 244
-0.130642 -0.264422 127
-0.0662572 -0.0295374 276
-0.177484 -0.237099 121
-0.0101862 -0.0544901 284
-0.204969 -0.508763 0
0.323476 0.157927 221
-0.34159 0.075419 175
0.357356 0.0343856 266
0.212247 0.0848346 254
-0.0371072 -0.23752 156
-0.214528 -0.0620406 167
-0.297677 -0.0933789 140
0.0337428 -0.127461 228
0.0270654 -0.318698 131
-0.314375 -0.186271 101
0.110083 -0.354215 114
-0.265693 0.0783372 221
-0.0726808 0.214578 276
-0.0574151 -0.123252 204
0.106737 -0.459692 75
0.0867406 0.0765686 276
0.224735 0.216859 203
-0.0429414 -0.47479 47
0.150185 0.179549 226
-0.175979 -0.012121 210
-0.333221 0.0628024 174
0.155615 -0.124397 263
0.225499 0.13902 223
0.350479 0.149254 216
0.369039 -0.0555468 279
-0.343322 -0.421598 0
-0.327885 -0.388394 18
-0.0888828 -0.493635 31
-0.279211 -0.444794 0
-0.0456296 -0.0626674 250
-0.368548 0.179746 194
0.280502 -0.259158 171
0.290261 -0.217028 183
0.0138715 0.213262 243
-0.145667 0.184184 276
-0.0777034 -0.0175165 270
-0.0730198 0.216227 269
-0.206288 0.0501235 240
0.0384747 -0.272476 146
-0.160579 -0.0282136 214
-0.0965763 -0.341876 99
-0.337905 -0.30337 62
0.235607 -0.0148662 264
0.0909739 -0.129115 241
-0.141891 -0.216305 141
-0.203177 -0.0730213 183
-0.0518896 0.03789 274
0.168388 -0.0873501 281
0.271551 -0.111156 271
0.136584 -0.087322 286
0.057911 -0.141135 229
-0.249683 0.0146776 196
0.103121 0.222117 242
0.368686 -0.259099 165
0.307033 0.203444 200
-0.0195835 -0.265163 140
0.0826115 0.139908 261
0.298361 -0.183979 223
0.15936 -0.21493 190
-0.0558201 -0.361701 98
0.0207432 -0.430759 85
-0.203558 -0.293314 101
0.295936 0.0195783 262
-0.293411 0.062154 192
0.337431 -0.00465929 262
-0.0764399 -0.517648 12
-0.353977 0.10741 176
-0.0397 0.166749 283
-0.220562 0.0532157 234
0.330307 -0.24136 171
-0.318017 0.00325472 159
-0.271102 0.0221348 178
0.0104957 -0.356792 106
0.275315 -0.323209 138
0.229703 -0.0202266 281
0.255034 -0.166881 228
0.31247 -0.0572127 274
