0.372346 0.198666 200
0.169379 0.202945 217
0.360832 0.192875 190
-0.292604 -0.160968 117
0.223579 0.0752104 270
-0.152228 -0.418585 55
-0.371412 -0.208679 86
-0.290652 0.161802 235
0.104823 0.0691555 272
0.283823 0.194619 207
0.00274701 -0.0331945 274
-0.104029 0.111847 278
-0.216057 0.175495 296
0.13602 -0.0159486 277
-0.0759461 0.0433051 274
0.180485 0.0323494 264
-0.018931 -0.23083 159
-0.0584342 -0.0333916 262
-0.244601 -0.39661 43
-0.148565 0.00453456 243
-0.137587 -0.317308 103
-0.263165 -0.452151 0
0.370551 0.0925934 261
0.241427 -0.00387853 271
-0.281113 -0.287175 83
0.197813 0.187667 212
-0.00705822 -0.499165 42
0.122704 -0.195942 194
-0.280578 -0.238831 99
-0.217343 0.0491376 237
-0.336588 0.0713999 169
-0.347669 -0.384846 11
-0.0684516 -0.157677 187
-0.0315081 -0.19081 171
-0.0093233 -0.0402652 267
0.220481 0.00702362 272
0.315656 0.041015 264
0.230648 -0.317981 145
0.154331 -0.015223 272
-0.372886 -0.0336765 129
0.107971 -0.435752 89
-0.0329754 -0.151227 198
0.205438 0.194808 227
0.055316 -0.269711 156
0.282568 -0.0860492 280
-0.36167 0.0384503 159
0.240631 -0.145532 244
0.330056 -0.000692459 268
-0.0655001 0.143177 268
-0.0576262 0.194469 275
0.0607175 -0.114588 248
-0.256457 -0.421032 27
-0.202383 -0.331869 82
0.232301 0.105538 242
-0.125664 0.0857136 283
-0.150126 -0.342356 92
-0.364846 0.171948 188
-0.212072 -0.262512 101
0.341263 -0.0629665 281
0.209173 -0.170033 223
0.365595 -0.261255 164
-0.324303 0.0981215 191
0.220198 -0.0860519 273
0.0708777 -0.112707 254
0.174599 0.162895 229
0.146425 -0.310621 141
0.134865 0.0429002 270
-0.0807596 0.0402968 279
0.0461681 -0.239666 164
-0.218949 -0.0991338 152
0.0205286 -0.468109 62
-0.0718436 -0.484537 36
-0.110428 -0.126902 179
0.0696179 0.0593754 288
-0.107741 0.175508 268
-0.259171 -0.0983823 148
-0.0788188 -0.172957 177
-0.0845281 -0.516073 8
0.170216 -0.272158 161
-0.0835726 -0.403363 77
0.32062 0.0707134 253
-0.0479118 -0.291589 129
0.272009 -0.1286 261
0.09027 -0.400763 103
-0.28534 -0.0735135 151
-0.0210324 -0.327772 109
-0.119835 -0.0344407 228
0.0223815 -0.00808913 272
0.162076 0.0361137 258
0.366285 -0.187094 206
0.00412388 0.160003 284
0.0437016 -0.410716 93
0.00239252 0.0943627 283
-0.0281443 -0.121243 213
0.034944 0.222101 242
-0.0393117 -0.466368 56
0.265838 -0.192991 211
0.0781736 -0.44501 81
-0.00109186 0.196424 257
-0.349262 0.0561828 166
