24978
23434
27909
23900
25630
22704
33801
23678
24250
25486
45241
25740
45369
44648
27255
26766
33098
40529
27824
29000
26096
24189
34068
24430
27921
27286
46005
26594
35155
24845
29829
25670
25980
23673
29926
21499
26748
21556
22042
29488
26917
24212
29219
23354
26134
31796
25366
23572
32819
24114
27425
28122
26602
33544
35086
32771
28912
39634
37578
32689
39052
28612
32196
25221
43149
35433
48482
33022
27507
25069
27701
26709
27111
23884
25280
28107
23466
21820
27762
22832
23467
25584
24463
23421
24217
24849
28010
22580
23387
26271
32711
21972
24191
22334
24847
24155
23707
23118
28329
23428
33154
21872
23634
23567
24820
23809
23840
22163
28638
22884
33914
29606
35707
30255
47632
26773
24558
28961
25200
23614
30009
25402
23863
21834
24360
22176
24327
21608
26905
23101
26636
27014
24253
22390
27322
22462
27003
27650
28941
24929
29358
25753
30310
33146
31687
31174
42451
33188
28582
29009
38864
38136
25930
27017
29912
25129
27210
26684
26394
23264
32149
23641
24190
29746
25407
25210
27630
23397
25117
24600
24366
23410
31253
25320
24829
24655
26013
23383
29033
22613
32240
29677
36039
25297
27171
27635
25885
30796
25957
33450
33243
36107
30105
31204
26500
34858
28238
44598
29765
29546
25890
23555
22400
25196
22615
31129
25975
22316
36649
33708
24037
22275
31440
27984
31469
25585
46089
29026
27229
42250
27179
41742
29387
25819
25463
23701
25614
34442
25321
21827
29626
23889
22925
28935
23945
22556
38318
25814
21285
25483
